sample.name,species,species.full,strain,sex,assnd.number,age.days,frozen.tube.number,weight.mg,mean.ls,median.ls,max.ls,h2o2.ls,pqt.ls,mz191,mz108,mz165,mz159,mz167,mz65,mz91,mz69,mz121,mz171,mz111,mz96,mz49,mz180,mz110,mz89,mz81,mz147,mz95,mz43,mz106,mz119,mz118,mz157,mz23,mz107,mz58,mz192,mz178,mz37,mz109,mz100,mz7,mz54,mz87,mz154,mz142,mz168,mz151,mz3,mz8,mz105,mz90,mz94,mz127,mz52,mz84,mz123,mz28,mz5,mz139,mz117,mz71,mz162,mz70,mz10,mz2,mz64,mz1,mz202,mz19,mz120,mz124,mz11,mz156,mz34,mz4,mz36,mz17,mz135,mz18,mz122,mz67,mz35,mz21,mz45,mz148,mz115,mz160,mz76,mz185,mz85,mz27,mz136,mz33,mz170,mz57,mz40,mz172,mz51,mz32,mz12,mz24,mz14,mz101,mz42,mz74,mz73,mz133,mz50,mz155,mz6,mz143,mz88,mz9,mz44,mz75,mz41,mz184,mz181,mz60,mz63,mz48,mz164,mz53,mz16
tube.1,ananassae,D. ananassae,ana00,F,1,5,1,1.444666667,29.0649858757062,30.5058333333333,44.50083,90.2,120.76,21016,21192,24198,28228,29660,33777,34482,34754,36856,45794,51800,59308,61884,61906,67962,90336,90545,93373,94665,94706,101103,106263,112427,114098,117825,121315,121544,121670,130302,130596,134509,144149,145734,158639,168461,176633,185206,218578,225066,227543,250036,260210,267308,267992,273813,286457,314399,350117,364054,368636,375573,384726,413980,418890,524686,556884,612768,640695,710936,766748,859770,898374,937908,978955,1063115,1092618,1154110,1256294,1272724,1322564,1343940,1368741,1421246,1493094,1519886,1743084,1951286,1980447,2136381,2262229,2622590,2656918,2908914,3138402,3150430,3588108,3746856,5096556,5458306,6435078,8455337,8837391,10136291,10217467,10236265,12155791,12207026,13795692,15047722,15429432,17810078,19291042,20696762,24057757,36605352,36620292,40086198,53932782,57858194,62683698,63723820,64167611,72347317,85580740,105821498,185779866
tube.10,melanogaster,D. melanogaster,mel14,M,58,5,10,0.519333333,50.4784543512255,49.0314178333333,83.99954,84.26,168.14,174183,18355,68919,74022,276013,785098,23152,62608,1660511,12974,48680,115674,44201,283169,77357,158531,48918,132749,67056,30246,82313,298993,133046,40527,761062,139978,131665,89260,286455,34545,77515,87211,301573,71039,47138,177098,500466,389257,740176,234734,185633,296831,186732,147936,71832,269942,179162,280644,1175863,299453,233522,281199,210576,245254,335308,276857,297096,5051126,689651,545508,805035,844693,840467,1212886,1478501,834392,2712936,1057654,1543064,225094,NA,1047100,1972462,1139583,981085,1515095,2129157,5276738,819420,4001464,733321,1945954,1806072,3548183,2337708,6403848,3584924,1180766,1707503,4666369,3856639,3917440,13181108,21428617,10413132,7676022,11654730,36166159,26005820,14423069,16715408,9695437,12506084,21645729,34219742,27488642,23624702,46721978,30681014,17221535,71522618,80134255,90895724,20958280,79814429,116038294
tube.11,melanogaster,D. melanogaster,mel56,F,65,5,11,0.660666667,73.7597442523674,76.9471932916667,93.53094,96.14,179.95,39245,33819,61897,82419,98861,6101064,53920,497376,NA,16771,82810,66570,64041,191911,78483,303771,257514,88449,63835,44872,87300,189612,362927,30510,486973,82818,269191,177547,184864,66488,45023,51593,173557,21803,62179,142113,256266,726210,268638,200966,271112,291816,324652,209718,193676,357653,211565,684571,301825,29299,222490,922082,858991,786487,1676804,664703,897857,5081015,1211068,587384,1558435,1657415,2194738,811706,6110449,927482,613790,1300369,3001305,157713,NA,1772776,2511155,4203603,2169492,2392467,1674204,5997080,1874316,9941515,1958535,1496208,7625918,9529365,8009350,3071520,9215367,2640407,868897,17846841,12987476,7564626,17538236,27415212,10943944,31650248,34056304,48217708,21777330,24032724,13916525,20252881,21432573,23761623,43534810,43551208,42507836,78824486,58971878,12925647,60418429,80425070,214001365,100257148,128012325,155136579
tube.12,melanogaster,D. melanogaster,mel56,M,72,5,12,0.454,65.117425568415,65.4793981666667,93.53094,96.14,120.76,257120,19517,59336,104637,301565,1603544,31033,136393,1348763,24130,47950,54098,59971,447077,39670,227631,62717,126493,51209,45799,50062,126347,205267,62515,156904,73375,155645,134058,352305,34557,44251,57099,679777,81334,37122,99809,639087,478717,256108,207204,221529,244253,179475,151388,93793,419510,90033,379738,1840101,213720,196158,276612,300826,265476,402842,591589,424026,4701145,938270,767474,1189813,1001481,1141018,938980,2002886,676824,2949388,2410171,2256377,321603,NA,1293648,2176831,1659380,1686692,1661830,1894514,7146222,859576,6083478,852150,1037107,2276322,4559821,4485771,4424467,4485109,2201348,3169009,7300191,6995354,5277007,15070833,27973528,11023610,10034662,14405942,52775549,29577923,18976115,11552922,9191688,12438418,24061143,32650431,36044891,25249970,63484946,34066393,29463955,67215127,76948234,137352684,28043182,91197560,118786976
tube.13,melanogaster,D. melanogaster,mel61,F,79,5,13,1.145333333,39.1444048478947,42.0014120375,62.98528,84.26,59.72,NA,13333,55792,57893,54855,3648526,49997,136777,NA,22088,44220,52783,121808,121798,93668,260910,96955,105699,48429,82561,132962,190096,254117,64062,285598,109785,151358,113007,242328,363409,48262,57603,513929,60568,60783,124064,238767,535801,432995,271077,208954,219838,291137,233022,572808,519734,91543,406480,1300977,130551,241977,318875,442523,513583,1054249,637783,621083,4580298,1193054,860559,1215106,1556985,1205385,838450,4989798,720068,1826158,2584743,2404524,305425,297730,1545295,2438209,4752702,2262123,2029575,1893102,4802884,1235747,7131890,1539640,1228121,4651228,7095280,6070707,3688655,4956997,4241466,2214871,12662876,9896879,8713417,13984087,20269548,7694125,21390049,28410824,31989244,19505195,23350761,25757697,11792353,21565813,24300372,31847107,39509627,53640464,75021189,45578138,24879467,64706045,53926544,157853730,31237539,114452574,129173215
tube.14,melanogaster,D. melanogaster,mel61,M,86,5,14,0.67,44.7512318006579,49.0314178333333,60.98933,84.26,72.5,206632,14762,59432,48147,142658,732654,15361,113197,1368950,NA,29590,39716,NA,261536,50060,109538,39622,93788,37314,20269,64125,161155,81717,89416,189287,72965,131969,71601,161658,137008,50369,64108,187162,31350,46474,67981,275040,319745,339944,163144,191724,214255,96387,88594,1120635,NA,53933,330759,799099,239721,125387,251749,134897,213038,267061,422743,304764,3441178,488907,216600,935259,573017,911340,911766,904008,503500,1265361,864401,2038367,211439,NA,499385,992756,845654,1765821,640075,2254438,3408694,506905,3573379,921149,1004064,1196201,2109819,3540858,5282353,3065860,797996,517288,3234315,4737692,2284906,10996469,15107197,6564969,5261941,7935863,21457113,18033583,9891325,11270607,4335888,6723301,22841058,30528168,17680274,15680463,34906362,19003761,10803786,76314683,70997869,57090220,11531359,50953182,57945713
tube.15,mojavensis,D. mojavensis,moj1002,F,93,5,15,1.128,59.850741056036,65.4793981666667,100.52139,242.37,265.51,23281,30976,78825,310466,149890,476270,43594,48617,NA,44812,43270,55744,147059,440334,65010,198495,99197,107369,52707,137430,64336,95182,236544,53165,259115,78075,310304,166772,177901,68634,50718,84568,413584,178984,81830,174116,221240,379356,198712,187370,189679,324449,353964,175915,293528,322101,125935,231463,996098,46786,251656,330054,186829,214454,400228,710282,703271,4781720,1503745,1660645,3209321,1452685,723504,972771,1488818,1001126,2238915,1924665,6403588,263474,287614,1393401,2193890,1135743,7355238,2504143,1739458,914093,1103135,4436733,2205779,885285,6393476,8649741,13346557,4671846,9540661,6984952,6464129,20856298,17930537,6472050,14920629,27275726,10933335,27755679,12820731,5355801,66651667,29661776,8512050,11491339,24942212,23778542,29753554,37481799,76171452,70713056,64003689,39396214,65042794,73196981,147027983,37176282,123065785,161513891
tube.16,mojavensis,D. mojavensis,moj1002,M,100,5,16,0.914666667,37.7985009352457,39.9979108791667,60.98933,168.14,179.95,128868,22086,66161,139692,279359,189151,44827,NA,NA,65477,50380,60495,331697,501296,42000,203492,79224,96558,83159,114709,45327,102538,150049,53958,90759,62390,212343,125060,139602,108179,48334,102925,1259693,165516,38811,198928,2665388,576500,209402,197077,214940,227034,399095,150417,346930,480664,118420,282096,3331460,108522,429785,299861,210262,195206,424840,810441,552163,2178083,1201093,891007,2910093,1271640,740570,718647,1680970,1332856,3054390,1939096,5910459,528213,325242,1323823,1903595,703934,1851167,1878211,1880786,1040468,1028635,6406222,1074964,1143614,3919525,18357640,11421975,7010386,6952763,5697294,6250520,6349318,14109991,4901420,11425943,27238713,12878614,16140531,9503695,6615364,80406237,24203965,6370924,8982882,28594529,22360657,34283418,38366097,36476674,61163993,58837096,63495691,68725932,61537322,99555574,37866890,97111483,153730459
tube.17,mojavensis,D. mojavensis,moj2008,F,107,5,17,1.264,46.4042477822521,49.0314178333333,86.49998,NA,NA,45759,24297,61398,266409,126720,378725,59854,76007,NA,60799,48260,49931,172566,442000,55083,302724,127077,112971,59099,44688,69119,107856,138207,32747,105864,60468,201892,108814,296616,65764,42441,97005,183490,166344,77502,118009,212156,373284,264256,144303,205405,366824,451899,154894,453257,328328,138306,408620,621643,57701,264472,338008,243194,247273,452929,1041760,583052,4128101,1461987,732984,2996684,1687891,1151593,1239330,1936968,1147255,1049720,2261665,5858470,435191,NA,1748203,1397358,841292,1284595,1477741,1817124,945260,1462002,4250975,2310768,981080,6912187,15740328,9917288,7199505,6736158,1962282,7392183,13294366,15495646,4991875,15036966,21061584,10536674,29361170,8767172,5156423,62475733,26744081,7423591,10619425,34711492,23288153,33241657,43457935,65630720,70848426,81519766,59648890,66113284,72805394,125742863,51685783,101352790,194874453
tube.18,mojavensis,D. mojavensis,moj2008,M,114,5,18,1.034,38.1197137740167,35.0132349541667,107.55962,NA,NA,156630,19536,40785,128477,238827,197596,35223,NA,NA,47769,42690,90050,131443,415918,72023,116669,81285,98487,81678,43764,129059,180834,116636,43618,151001,79015,154922,83096,123345,86487,101274,238980,1219861,214180,150362,193420,2160510,497680,270606,142139,199121,231151,388409,120723,99902,197552,109525,630963,3043017,69733,338392,573538,227362,237259,308097,558942,471062,2750223,985535,626167,1904414,1187783,1850126,1022072,911516,1022942,4840975,1471531,3841181,353299,709973,1236140,1107376,833737,1390287,1656549,2058522,1023257,711151,5677302,994638,1518010,2620535,9572011,9781225,5968321,4954877,1874120,5935961,8403304,11414968,3304284,9644983,17837275,12119443,10819496,5694800,5238628,68393910,21047213,3841655,8622773,29779729,21489418,32869624,35277044,41820228,57322697,47368392,64182504,70555561,57220668,72643473,25280832,75304722,150549859
tube.19,persimilis,D. persimilis,per02,F,121,5,19,1.527333333,NA,NA,NA,84.26,143.81,27796,16344,59269,67185,367562,1151511,39655,37949,NA,74886,72220,51330,242613,601960,86702,329749,120841,134608,64360,64861,268928,118461,214093,47290,117519,197818,153913,141408,280350,44564,205022,371286,733985,229822,325974,141851,192540,487143,328249,229748,418223,310898,577789,249395,451258,875544,317431,761336,1564296,85576,319096,541815,520844,473811,826419,1176868,573214,5086013,1608642,751573,2178032,1703594,2202908,887844,1116738,855358,2967735,2199641,4233183,1041393,1919082,1515614,2357903,2423240,1806552,1715353,1740003,2461034,2017767,5890670,3379334,2541759,3799040,14803182,9729096,3895142,4928907,2843224,8143300,12175352,15320511,8399168,22897308,23047492,17342777,16340671,15961148,15324346,23534141,33009553,16556294,22949958,45168734,23822431,58351776,38341830,70109659,85762280,67000958,29908789,60797173,129789015,159427059,88783374,122724424,206769806
tube.2,ananassae,D. ananassae,ana00,M,8,5,2,0.836666667,48.7441666666667,49.03125,100.52125,59.72,107.92,NA,19012,38349,102364,49157,300616,29555,60229,NA,18458,28410,74787,NA,93778,51146,35008,51748,101863,91257,54544,75590,141932,94455,101708,137708,137583,132983,87101,140760,30030,35241,37803,100835,81395,78623,122384,392983,339620,211209,150196,159897,291012,154923,151767,503039,151073,234893,430161,644546,494998,349714,519638,250439,265399,378129,311957,454627,1619922,507100,721262,571458,653730,1252977,1024082,766324,543813,2177848,682550,976590,712506,549388,1181865,2394245,890901,1017366,1418207,1967424,1828203,1191612,3902397,2292700,2048529,1536260,1343886,1977977,3668448,3196953,3046981,2106266,4428945,3103611,4274141,12440981,11764577,8289066,6063087,5095043,13851418,17035608,11133424,18919609,14088379,11035553,23312875,27348353,33093375,14741628,46413262,37474317,34481768,68834641,66335542,64509461,32175335,88237737,120837528
tube.20,persimilis,D. persimilis,per02,M,128,5,20,1.03,NA,NA,NA,48.25,NA,NA,10179,34992,69159,187428,305661,22906,NA,NA,23838,27260,47920,92866,292903,101262,138983,48891,140442,45582,20826,289745,167222,103150,38946,155588,110458,155259,97280,223739,10486,85939,107094,260402,94111,151091,126791,633139,249639,436399,268420,240674,258608,189323,147191,395946,266802,133171,510094,675667,388058,189915,372598,261394,293394,1012699,646586,350241,1423879,880236,594028,2476500,792850,1473473,962058,359963,599798,1171597,1241368,5109660,895358,799912,662525,1075262,1063128,2677422,950429,2069762,2495978,651810,3062341,1240903,1509012,1747258,7157615,7556763,4039260,3914403,1301658,2369797,8050480,10688584,4782928,19566526,12174042,8039160,7467620,5882657,18247123,24398954,18984536,10338525,11714595,14037747,23703784,38797469,23225701,39541511,50752128,35898649,11045141,69302525,86642980,76198266,22184263,70891288,141208331
tube.21,persimilis,D. persimilis,per17,F,131,5,21,1.069,39.4471252418407,42.0014120375,65.4794,72.5,107.92,27479,16090,59436,96933,534621,1767278,43104,31930,NA,62498,36790,70543,118918,1002886,74893,298872,94112,95895,53362,45349,91629,239672,201930,55759,567777,113206,258973,129212,431580,687767,50782,97266,209816,217965,102782,187591,155817,701476,565455,201356,439435,132231,324183,359346,249786,667731,140926,340145,578925,25347,222609,255072,361074,352146,735506,1118714,446278,3580093,1191694,762332,2804418,1347295,986337,837753,1075221,750690,1413903,1709780,5646055,625402,481696,1422687,4428847,1835352,1970711,2773933,1882689,1344368,1159582,7458706,2742128,1328683,3186026,15409485,7853064,6134645,8310518,2114271,7499902,9846368,12851417,9677049,19786814,26522697,13472844,13305593,17655629,8168905,29875533,24013365,40054626,14747457,23313937,21194492,63511641,37018759,56615994,63845577,47721439,10689680,68629430,107960159,119444549,46288111,106854849,170829204
tube.22,persimilis,D. persimilis,per17,M,138,5,22,0.788666667,27.8590377065088,26.00810185,58.51678,48.25,84.26,NA,20116,42962,71073,265169,439292,37439,NA,NA,52724,24080,32704,128920,450495,48670,160223,69710,81533,80327,35465,118307,75126,138683,45706,185416,40971,195775,86382,87650,530386,48161,65646,180748,178754,97287,198402,768666,435216,164231,217507,283076,138556,247566,176569,467372,364725,203881,450736,716785,622755,182909,471854,254628,307455,922517,907488,386266,2523086,1198675,668189,4057465,754722,1309824,1014284,886389,791208,1053320,774486,8578368,989123,919340,1174586,2283755,885852,3372533,1706159,1940147,2217532,1302675,4902690,1721007,1001304,1637803,14118214,7813171,3938773,6621355,1516875,5563374,7206746,10959382,5708893,27749145,24544193,12518673,6437129,8198998,14217761,36654647,24143052,25898256,14756462,16800860,22536319,45013938,35476410,37065630,48853638,47989992,20985962,69982782,101964298,86297254,44427621,96627189,166082415
tube.23,persimilis,D. persimilis,per23,F,143,5,23,1.360666667,44.9936478496536,47.0221875,86.49998,NA,NA,NA,38765,34204,90511,355092,2997501,48028,27367,33441,62840,51900,42879,172807,464173,62761,305526,100983,90636,56726,149573,132601,152454,300318,47639,196708,112577,266166,171409,224045,24217,62305,88169,377320,232445,98073,170195,167914,629664,312951,174664,436933,374842,338184,356638,660266,876412,219343,267618,849453,28952,227579,161363,567665,562769,1118346,1062696,555396,3509660,1328150,908681,1682688,1512662,728454,859610,1064456,815772,1527170,2305339,3111434,1009123,635651,1694755,4082689,545760,1645825,2893834,1623689,2213420,1942832,6951452,2114647,1126733,3813188,21326048,7295779,3639407,7604348,7545361,7499977,11791037,11610251,12836264,18735642,24185857,7594356,16927149,25763968,16847965,17503237,27132477,22625266,21891664,24418800,23603262,62302366,45688246,45019056,72372457,78080340,18474433,61135459,108484141,193354998,53551211,118471822,207491434
tube.24,persimilis,D. persimilis,per23,M,150,5,24,1.062666667,40.0452329412675,44.5008564833333,65.4794,NA,NA,NA,11597,30403,46174,101204,95420,15270,NA,NA,16685,29090,41040,35509,205379,52350,82954,28578,72221,18478,23643,60835,148081,74943,8907,86764,82956,73184,48856,204319,9302,64318,111456,146114,74250,53324,68756,429790,153250,393850,219078,156217,194209,115467,77072,305657,167050,125227,181222,428788,43787,180036,160243,136374,133328,473556,369549,144596,704117,355494,192587,696308,435709,486360,904558,383498,308809,746456,599341,1218110,714289,476751,461379,704938,490054,544378,574632,2260975,1346091,392890,1774625,588489,843450,790867,3894625,2016325,2660149,1096124,1312871,1600252,2764249,3325634,2501156,8984626,7566795,9296201,3657626,2113369,8339719,12137111,7666765,4413149,7113676,7295103,23482784,24309695,17347910,15520024,31166101,19488598,12204581,72747201,51885510,40816282,11991314,26824158,99341233
tube.25,pseudoobscura,D. pseudoobscura,pse217,F,157,5,25,1.565333333,39.7451986898485,37.5107638875,65.4794,59.72,84.26,40304,44359,42965,76499,330535,3156802,69930,51326,NA,111610,55280,56697,109673,411894,80869,287809,139406,127505,36942,155195,181674,165460,232791,35095,243449,151416,166365,195411,344787,40274,139736,178050,525195,335461,236065,112829,189151,492766,488739,164731,291052,261754,395817,287753,335057,1057548,138161,404404,1026477,294341,257579,343924,297238,325140,528636,704856,785836,4611431,1597784,1163015,2264645,1510730,1159249,918235,901520,984167,1880200,3468560,3986775,471461,1494898,2569579,2410042,1656675,4983279,3121202,1560010,2437007,1935255,5972309,1918535,1599947,2690746,15873714,8490339,3827609,4946384,7063460,13094192,11111685,15278477,10442274,21513441,30388062,13023991,12160237,13372749,16824710,17293907,32685669,30824389,19498955,30630462,23266780,45582845,59508387,68870043,74366193,71887105,70284544,58332944,81202712,174935522,71790603,132216743,219692979
tube.26,pseudoobscura,D. pseudoobscura,pse217,M,164,5,26,1.149333333,20.0888583005208,19.00234375,42.00141,48.25,72.5,NA,33528,40616,135914,354537,578714,45192,NA,NA,45330,42780,57502,108647,429374,71629,243628,62497,122768,55932,68484,145818,114801,126248,22625,87637,66525,192086,110546,300962,12390,85068,116793,212862,148105,141633,222324,770462,329000,261163,142412,269453,191951,268904,211301,633838,486580,206058,369619,706284,609932,305695,331018,287979,296520,920589,364963,390482,2170504,1062724,477255,2879157,1231695,1062283,1060336,340247,805292,1140965,1352912,5933925,862462,616155,1585677,1879161,945883,3392476,1905010,2035423,2620922,1020257,3558551,1474796,1483433,1708943,10221167,7281917,6909810,5763215,3501320,4929456,6438970,10799684,6438490,23552149,29422650,10103766,7325365,6261191,17097158,29374113,21855922,22711133,13611740,20344815,22376846,40392917,41672532,43860443,59689259,56244529,39339729,70112671,105622132,93856533,31284294,94107537,184152538
tube.27,pseudoobscura,D. pseudoobscura,pse33,F,171,5,27,1.113333333,50.2344770069279,51.507638875,79.45549,59.72,84.26,28736,26493,41925,186415,450087,2871661,45301,142380,37888,64530,56490,69313,437416,538589,93563,378731,144262,122618,43148,102181,119725,177933,238322,23384,162923,71299,379149,129087,290798,21684,34002,82301,314698,176187,88410,109801,118614,373541,430798,228787,411676,220382,503569,280667,252625,1178606,267475,161836,942227,207278,199663,127310,574843,564650,909588,935504,525065,6180342,1337485,501339,1530193,1715588,429853,771225,633621,933897,1425205,1301940,2606202,600744,NA,1610652,3360607,2174381,1512916,2045183,1816828,3335026,1772778,4195315,2455915,1694484,4874612,18933867,5197020,6604063,11703330,5384667,6639038,11144579,8250938,9237045,20842660,33858624,11549672,21904772,23949555,21264424,16614686,26886696,30176254,18081389,37977474,22649118,60238625,42555224,70503302,77734227,61596263,22704810,66230509,109878113,146918744,56120182,110317370,209488447
tube.28,pseudoobscura,D. pseudoobscura,pse33,M,179,5,28,0.972,26.0976381864646,23.4890335666667,58.51678,59.72,NA,NA,28360,60500,86331,316735,738444,49755,47338,NA,44016,31710,70372,261623,442094,83692,344336,84492,109336,108232,82798,215887,153377,174977,20456,340040,84498,149093,134083,185160,18418,109430,276309,407644,172684,243236,367037,2140727,362890,316054,175022,344270,298844,428628,197749,666891,944558,228229,515790,1317079,207531,174188,1000011,523692,572380,3571256,1005354,492000,3811402,1488879,743610,3039045,1351167,1495075,991294,734836,861106,1997523,1138000,6062660,1192345,831442,1716774,2454622,863163,1507948,1124563,1787175,3919434,2142314,3971841,3050336,1899088,1186885,17550801,7639620,8133650,4187570,4088415,5374888,6910319,12073896,6451637,20681199,29562080,21202848,4575870,15611196,24854143,35934645,30194230,20731462,20987636,32808767,22303443,50193856,43424149,73452107,64410180,57643820,13261315,66270526,117812615,130072439,65365321,113689553,193343837
tube.29,pseudoobscura,D. pseudoobscura,pse96,F,188,5,29,1.069333333,50.1171767629167,52.7611660833333,79.45549,84.26,107.92,55396,34408,63637,125003,402258,3288406,41378,161830,NA,48751,52990,67169,220056,442184,50627,370625,223077,94835,74538,95798,131913,186655,249899,47936,242873,128537,336590,169949,491908,18413,78851,60493,322085,139406,103962,193035,181594,519340,352728,185141,486743,177456,486726,340821,301919,1432548,359995,201895,795373,1024843,201966,130327,903542,813138,1268156,958901,890291,3220197,1334306,1254552,2385575,2088428,574128,806756,2348434,741302,1067791,1244871,4798210,374650,459967,1942007,1626811,1081232,3508247,2161294,1553846,2110399,2548719,6448190,3311026,1551963,5021669,16249143,10171987,3245908,11618851,4359719,4654862,13202604,15844878,12360418,22870420,23855595,10975301,20831015,32450275,17599313,17542369,27189274,16744342,27114295,38361661,23346650,69329948,45986706,67758995,90250784,69131360,24553495,63218522,110879138,186443601,101209290,131858986,198373449
tube.3,ananassae,D. ananassae,ana12,F,15,5,3,1.114,52.2963854274502,51.507638875,96.0443,204.5,204.5,36787,17394,29512,85071,26624,1456832,35466,39932,NA,46060,32280,64747,38771,44466,52906,81905,79666,90827,41514,77054,65460,112636,134779,179025,118807,93790,210267,114826,101286,67681,34071,48559,36367,169120,65337,131545,164123,205394,206023,194204,242849,264344,266359,190958,395255,258252,192364,168044,206253,180432,134027,98956,405348,383982,516567,327141,553555,2869445,535161,1284589,729113,727533,495548,848886,785276,629788,933727,1938000,1262244,634194,NA,1043482,3590671,1112083,1071398,1647445,1887487,1068910,1444319,2473552,1577586,847155,2146714,2584117,3026125,3074756,6832931,3928051,5264995,7123435,6043756,7099340,11230739,12532596,6368607,7746137,9222521,7202066,14378822,12561277,26744880,14952165,17731639,23327702,37649613,33777369,23035920,46910759,47525945,56636746,65325681,64012778,92032498,62316254,106076934,144390152
tube.30,pseudoobscura,D. pseudoobscura,pse96,M,197,5,30,0.730666667,34.5184880812987,30.5056944458333,72.46281,48.25,84.26,28793,21969,63819,74490,366886,400789,39898,39573,NA,50043,29620,57814,119058,516299,108498,262455,96893,201696,70449,75998,136405,184237,221976,34523,270617,82889,205504,139395,272797,26926,85339,149919,326998,157917,184775,245911,1205218,283855,401056,202459,472920,242195,323136,265128,793886,399416,233075,424136,1620827,2148065,283731,496355,349519,385566,1369969,520332,521523,1277745,1459018,868771,4399308,1358708,1220440,1111181,735126,889251,1601095,1859050,9211743,518057,874013,1328146,788621,376912,2376621,1083391,1772204,3961402,1571305,2770019,1293054,2049046,2045883,15355695,10643205,7100769,6833090,3631949,5645175,8536316,15798713,7604992,36499505,25353072,8766891,9079278,21674214,26373481,30081746,29265149,9294016,16827991,27168261,22438126,67829617,37404731,61647946,64651375,56980569,9598278,66652189,141767072,159449399,49645011,108831273,158955410
tube.31,sechellia,D. sechellia,sec07,F,202,5,31,0.831333333,61.020246006867,65.4793981666667,93.53094,72.5,96.14,NA,18591,23235,36056,29248,1389503,18961,87193,NA,17381,44280,59547,317336,55071,87443,183339,63206,157777,51090,17749,79157,146994,145997,26568,119920,65038,110468,60074,167459,203969,71082,92539,218380,57058,93080,214090,116345,152165,324058,212466,179258,220434,206537,269094,1081388,344283,132094,221211,501574,47856,180011,175392,131623,152946,292736,302725,387879,2226331,519098,259790,773116,642368,743505,781759,978431,3128804,3352869,926966,1334593,667047,789109,759517,1687270,741198,3412879,654218,2137974,2265978,659352,1522929,702505,1036929,26605110,6242140,2827021,7134899,3017895,998369,1385114,3742210,4975525,7713129,13019126,15219778,10054347,78336336,6425678,14633272,21204917,10567716,16723716,6467778,15223805,23348904,28569802,23523472,15436610,40743903,27261364,47171392,72539679,58151124,82019919,18797669,89513102,137835638
tube.32,sechellia,D. sechellia,sec07,M,209,5,32,0.684666667,56.3949094444506,60.9893345,79.45549,48.25,72.5,NA,26826,47218,27161,156485,400891,38669,371492,NA,NA,48820,60157,71253,206602,42080,156292,53176,114466,108175,38210,91025,113481,126855,90861,141581,84961,102813,124652,162793,241886,91792,102125,181904,NA,63683,121529,854934,249680,264610,182578,211416,290037,132922,310303,1240978,299837,138335,310908,497972,238290,297614,322344,276127,344643,471581,476483,640071,1665454,680186,157775,926360,867078,859040,834063,485266,751472,1355433,805313,1886633,271228,717889,1328948,2164548,760317,2862613,774972,1823672,6255301,1283369,2886748,1209693,1272051,1723400,3366304,4995091,3799281,2924777,1479501,208608,5084883,9626141,9303080,20060462,21179205,8740451,7660326,11992006,46501749,21914049,14313359,18230589,13104137,9401842,23714338,33684200,35692873,10871389,55122362,37486794,5787783,68583837,73295775,88248409,34634836,84791624,112697046
tube.33,sechellia,D. sechellia,sec28,F,216,5,33,1.05,60.9385752815417,65.4793981666667,100.52139,107.92,132.04,NA,26282,34123,46716,63960,1250180,34235,120434,68047,NA,57160,87171,57200,140058,46769,145540,99422,103862,74241,36683,128768,97874,181212,39535,109494,109114,139586,92446,118698,328156,46407,55314,63738,NA,121056,67978,153594,360761,238290,213106,202469,238290,176606,224622,534424,376999,161615,459801,205678,40612,164741,612689,327847,348247,591877,1038270,578454,1965532,662669,766265,1442844,1267207,1344438,1038513,1055178,689149,461083,709502,2713670,161024,NA,1088597,1748908,1206565,1853833,1521245,1994708,3190695,1058036,4437642,2959687,1188987,5513821,5053960,7117272,3363836,4419848,2062843,260234,8700476,12501409,7724805,13126422,17952141,9760609,22890366,13544737,24784468,30408030,13403579,18362471,17369314,12217704,25189106,32186067,28879536,14671412,65638138,49425340,8109636,67602535,69661992,112886981,52451243,87635626,135669379
tube.34,sechellia,D. sechellia,sec28,M,223,5,34,0.746,49.1987396990333,51.507638875,81.95413,59.72,84.26,171836,14977,71829,75310,297425,463175,42119,676388,172787,NA,52710,60189,56968,375753,50641,202704,61295,96818,77161,22588,94810,144324,108134,76576,138500,55659,212440,84635,183710,365276,44178,79188,211149,NA,36453,109410,693749,324538,323949,199410,286789,263552,138885,199618,1067407,253026,228983,340748,499870,202485,231293,346210,214120,246937,428553,948005,543352,1238443,528521,93014,1457495,988051,999718,982491,719596,833086,1543744,868489,2927923,207615,NA,1182692,1200916,816951,3075703,1058756,2176945,5534479,967956,3639190,1035237,1021268,2131046,4631531,6328081,6998352,6207822,1250429,99741,6879234,11212943,6474659,19951807,24728224,8845858,9169753,13727520,38806910,25794246,11075181,16313018,8743127,9981558,22298393,43331166,31866444,3657112,50719292,30865363,1912704,70695583,68109564,86969509,27496307,78016287,101430730
tube.35,sechellia,D. sechellia,sec31,F,230,5,35,1.32,65.5240485022297,76.9471932916667,93.53094,96.14,24.1,28423,17166,44245,72950,49896,1941553,48520,101640,NA,NA,48970,50004,63978,100991,70642,213132,121440,140884,62579,139758,87128,125830,335689,55386,162852,102610,234309,144565,209249,514034,62277,68714,101786,47402,58222,148522,200892,423995,400557,194775,284123,283289,178828,245424,2590635,406240,148480,605045,193153,327273,177880,323137,314548,324578,614711,772798,517697,2931496,817186,1312108,1333755,1424730,1804516,1059270,2575034,1121628,1356762,1130902,2572695,340428,NA,1549447,1786853,1460155,3688097,1814038,1759477,3191341,1265587,4705174,1688352,1486429,6364359,6826090,8730769,4659463,7767372,7294229,1071707,12383574,14569876,8583987,18218530,25234904,9046202,28456103,11821433,23490273,26106679,16240698,19705273,14400480,12820111,23362052,44866654,42277271,9748681,69458914,65049689,20681798,67778549,97347382,184258699,56695689,79539643,165233427
tube.36,sechellia,D. sechellia,sec31,M,237,5,36,0.778,51.6573808744497,51.507638875,79.45549,84.26,59.72,232056,31182,66163,59920,254602,623475,47783,309681,138160,16580,38860,92754,95375,378733,69853,200563,53374,107484,71566,64470,84812,115167,229339,78182,182816,134271,159447,97347,258880,329510,65971,37513,194319,89559,51642,146098,712088,286114,243810,224742,320084,252046,171942,204983,276059,295695,204032,306657,482286,477573,121586,155028,190251,231770,360105,1164254,491851,1653465,754455,379350,1274829,924608,834803,1000917,859140,935346,2250748,1294780,2625248,527010,NA,1487966,2165711,1131978,3021991,1415452,2034116,5479274,1115481,3097425,809859,1535805,1919473,5844541,6200983,4002360,4172596,3126687,2006599,5732600,10495749,5833685,21516162,22919430,7571905,8416113,9393582,36368423,31414860,14898591,18444914,8899448,13786165,22031065,49237514,37733554,5993390,49650661,44248972,9789414,67980298,86189124,130909140,36448678,81817069,111783546
tube.37,simulans,D. simulans,sim006,F,244,5,37,0.928,52.3655544300694,56.0301041666667,72.46281,72.5,120.76,NA,10695,36642,36343,25657,1503156,22167,42958,NA,16946,44100,47933,42117,71714,63672,113905,59697,115247,70474,43595,57790,114580,145929,19086,132258,44515,170661,92136,147430,30738,64329,42174,115945,86604,52032,70434,76697,414547,355987,154112,223889,363553,151248,148762,99402,298768,388621,439334,236532,23076,177743,197083,221066,216324,418476,502371,366223,1774596,743604,512969,695607,1058885,1292857,857755,1086714,769929,576947,518917,1234537,347821,NA,741366,1482440,2961964,689242,1087198,1984345,2510305,1020230,4574003,995025,1053273,2540464,869927,3252138,3523566,5066598,2093313,1969005,5433400,4977605,5131181,13909750,27266109,9542523,10872693,7587454,17855798,19850841,15997657,14641741,10128146,11670613,22754270,36904129,23198891,25823118,52802332,42471761,17142093,73276022,55177627,98313894,38241582,78204457,112448791
tube.38,simulans,D. simulans,sim006,M,251,5,38,0.562666667,38.3232170189565,42.0014120375,67.97343,35.89,59.72,166859,9569,34697,36766,158379,569172,15666,55810,1616486,7086,14420,51780,NA,222005,42273,78952,25660,113501,60228,9768,44580,102382,57460,13293,102956,60770,104635,60087,170337,22635,41765,60154,231180,29523,44089,131037,210331,445375,260056,136538,178043,209107,67803,79560,53200,116293,106721,387108,876901,178598,169439,406514,127061,130012,234134,327130,277660,1263870,358405,151528,461212,596636,1324161,844431,671084,692711,1401094,517842,816352,270599,NA,564176,1130827,1306047,502480,454948,2427550,2977382,710731,4764611,565619,801624,909930,740615,1810607,5398183,2419688,337804,439587,2534941,3081133,2584936,10229448,29319627,6796137,3820720,6916502,21115324,25961300,7996127,9009704,6107179,5509226,21916890,27966303,18141045,8985719,37681067,17856460,6574352,74765317,58118407,42233146,13035677,48273492,79882774
tube.39,simulans,D. simulans,sim286,F,258,5,39,1.344666667,63.7235039060028,65.4793981666667,96.0443,96.14,228.37,NA,13654,32509,35809,61672,2853435,36950,301632,NA,28281,93010,60604,37744,105384,59649,256220,129802,99573,66911,24204,70678,154271,269642,51618,204476,98727,170292,125187,197926,61857,72378,65099,200155,114830,86137,180794,218899,380518,266623,121564,193189,339219,295797,167031,360301,506922,628878,349325,377339,29659,254351,213168,313493,309125,664555,412839,676059,2774754,807076,413123,1304633,1278085,1055116,612536,4163860,700794,760586,765408,2336552,466680,NA,1437287,2644351,3259280,1438582,2170386,1673633,4147470,2592641,4291661,2107290,1396572,3548703,3062272,5329917,4184347,4674142,1637282,4679981,10672203,8406528,5985726,14925724,17198054,9105286,15104790,13290430,34252213,19261736,17239724,22503372,17346970,21959284,24028335,31603378,37172537,34141697,66176681,68148208,32489432,62971901,47478367,152659949,77707848,108768544,150378648
tube.4,ananassae,D. ananassae,ana12,M,22,5,4,0.668,62.3431431687016,65.4793981666667,114.4941,132.04,168.14,27537,23597,20348,59892,79657,433388,41130,92314,NA,17388,30610,49497,17296,118373,41864,103412,50133,125834,26930,61829,47070,131878,93346,177415,137911,92061,107983,80714,154690,51475,44825,40094,43377,75200,42108,96192,394817,339312,279043,176567,248066,292524,158372,102781,784510,141342,68920,366077,375017,788380,208347,216490,135319,145282,244897,294650,498011,1334962,556767,922297,469584,732824,1017134,850704,782150,623726,1518684,2845906,770615,719187,NA,1221728,2628694,849014,1322955,1694754,2048859,1510653,737759,3650142,1190731,926950,1650820,2659591,1694338,3667968,2711286,2471468,2220032,3597189,2807126,3789994,13334848,15777016,5854005,6470320,5143990,11495377,18665200,10665997,18225321,10067688,10342864,22941139,35358923,36349539,15265069,47472833,34124496,34213554,67074764,63293903,63434654,28451930,92863011,104988813
tube.40,simulans,D. simulans,sim286,M,265,5,40,0.810666667,57.5168285096289,58.516776625,86.49998,72.5,174.045,119205,22155,83415,64688,251762,317272,28572,226063,1171704,NA,27750,38777,37197,391782,30588,132291,27076,91496,105045,17522,84510,120209,115818,32261,123135,69051,105981,75909,238568,50274,49833,46701,224956,26667,49603,101479,230699,367874,303268,209056,395934,220188,196171,78541,140000,257224,360372,217591,1076813,89704,190291,233959,169307,164528,86899,241891,338377,1794236,590275,161688,792297,616599,605351,714542,933007,694577,1682600,1195810,1489768,64950,NA,870268,1097328,834434,839186,977421,2211156,9161239,1151969,3802909,659894,981725,1186288,5412429,2423925,3399421,2236222,598942,586733,3379023,3755388,3045683,11648798,15558949,9423391,5398052,5401606,57948548,19415896,12996937,10086446,8466480,14750262,22619274,61392858,25636823,14148395,37911466,20502138,4627282,73104120,57316439,82522138,24764488,67869171,108615928
tube.41,simulans,D. simulans,sim287,F,272,5,41,1.024666667,64.2355418818871,62.9852835833333,86.49998,155.93,216.42,NA,19636,39359,95917,73128,2023013,30542,70787,NA,29067,64070,44715,43387,112657,47218,166128,92728,83906,56245,34707,98785,114184,186446,29832,117691,45591,272588,110811,195618,28355,62307,38208,132797,99034,54898,109111,103158,651122,280837,145334,315871,209670,306924,192605,71835,281888,511060,545731,246882,29357,138607,281563,392380,376330,896093,390229,509231,2696050,965299,411043,1071069,1151220,1615443,697755,1389753,717461,1046120,1576045,2031835,171985,NA,1150124,2895838,2734395,994535,2041192,1913894,12982369,1443889,7294111,1002835,876912,3247975,2275743,5837692,4310002,8162740,1759055,3275092,12036291,9387193,5196673,14183882,23850551,9149202,14007830,15120962,71956906,25231918,20340148,16704835,11766259,20005784,22321197,48425102,32195254,39564873,52494796,42866356,7096321,67771557,57921306,125868661,63359165,86801638,116267137
tube.42,simulans,D. simulans,sim287,M,279,5,42,0.65,46.4028647969419,49.0314178333333,93.53094,84.26,143.81,NA,13732,25910,36602,20929,1206482,32306,45186,NA,55417,50480,58701,NA,56523,66575,130363,42098,75338,30377,39029,42721,163382,201409,20897,420243,101881,117709,112207,163677,30979,47853,42102,167962,170493,48617,49717,68913,404643,404758,177689,179239,229206,137180,172897,68200,296819,197041,204101,238708,22741,259982,117372,181129,158035,409362,588179,426782,2306433,793316,630526,710864,840461,656306,841174,1554049,677937,704896,2243142,1160710,718803,NA,950660,2769089,2317808,736914,1483326,1848571,2711869,883776,4826202,868338,859663,1932979,2608483,4279823,4359977,4271851,2100766,4468727,5677325,6634523,5577049,11885885,21389829,6465892,8136397,8850527,21574354,20996080,15868060,14577653,10644074,10398349,23483646,29487734,30046639,41811430,50735496,42950868,42974643,64894161,77293336,132244341,33711073,78968058,118362341
tube.43,virilis,D. virilis,vir00,F,286,5,43,2.020666667,74.2632739906746,67.9734259166667,128.64476,96.14,84.26,NA,32501,38567,87980,88348,430861,64775,102363,28580,97211,84880,54496,332376,307962,65353,133985,140160,86294,39301,82367,122164,81017,321023,93324,208338,82322,270155,166009,177906,164418,76068,167209,383282,325980,101635,389631,197609,687823,207845,162985,408322,329143,439348,267459,267832,893010,240399,258905,1108277,40427,98606,444100,219602,245337,554683,1280024,876214,13221179,1829343,1721952,1254436,1727931,808226,844170,4994885,1246525,1251620,2258823,2223512,301195,694973,2141084,2390261,4165416,1924498,1947866,1498369,1313807,1189321,8793313,1802770,1152461,9629323,8701860,6721129,5769480,9499230,4251996,13139480,11122620,9787419,10101401,22093605,17038590,11472112,38937542,17345491,8976748,29649605,35412339,5204994,16928525,31852346,23792277,54401946,52086812,94474744,78647481,73654517,66987224,62639092,67153727,185293756,43275760,121815376,192620346
tube.44,virilis,D. virilis,vir00,M,293,5,44,2.118666667,39.8019565848684,37.5107638875,93.53094,120.76,120.76,30477,37846,30136,93555,92163,107242,63122,153154,NA,112849,72110,69915,320159,184215,95958,145433,163616,110770,175623,99943,65251,133162,233039,79857,153015,66439,263026,116560,160780,62665,166159,145451,197086,341737,108220,431911,594618,559231,344753,143158,457024,255342,418824,219165,208856,488100,608439,1102408,692927,130116,269381,1137071,400258,383511,915952,1312630,1088044,11461607,2651010,1872393,1342359,1881016,3320365,938135,5496351,1513811,1045494,1871242,2288556,495342,2218527,2414270,2607404,3103586,1824249,2542773,1601932,2981581,2172654,6018229,1794706,2574116,6905936,16719566,6275448,8291747,9093205,4662805,13091174,9803270,8722297,7061426,20992502,19785923,10971885,28841696,15509538,21116723,46713325,48384675,7871733,21331832,33609229,22143091,65560835,54944889,76804912,80492030,83551787,40599039,67403802,94716122,179176817,56127418,126831985,196338636
tube.45,virilis,D. virilis,vir08,F,300,5,45,2.076666667,136.461060575132,144.966684041667,170.5195,96.14,531.64,23524,33351,22858,48966,41144,56788,72661,NA,NA,78319,34710,54844,679236,150478,79283,190996,67554,89235,34647,174584,63598,147286,383193,61676,233853,50925,123471,110865,146850,132482,54068,80422,268105,263891,84422,382361,224742,235994,289859,139064,327931,198658,350979,286024,85905,684390,176905,116719,453309,14817,131628,111161,141935,163748,248362,1224435,677721,3515384,1440819,694222,782506,1028703,355299,695983,4087620,714057,1886558,2197139,917703,1756880,NA,2613270,1448695,1884013,1243444,1702965,1896709,2448489,1394802,2664682,1058821,1016596,3787904,24724662,2424547,5701382,3365699,9040447,10482041,6853307,3749560,8788110,11990531,15262632,9274882,16397164,5715624,16489806,33345481,29256728,2174816,13930973,26378450,21307337,47945891,54306616,64379089,53439066,64369557,59684915,65899126,60777955,247754244,45025769,110020130,218360906
tube.46,virilis,D. virilis,vir08,M,307,5,46,2.018666667,95.0974792836574,93.5309375,135.9365,84.26,299.72,NA,59286,29707,70013,67713,54888,109602,95564,NA,74123,54770,76531,1121302,165028,58085,205799,118495,114458,53477,275887,72385,178028,408622,52582,277998,91246,105030,129278,135240,83171,65162,41156,364275,263266,79087,348436,1094842,268415,336386,140020,292583,331015,458688,220098,210629,999865,125669,279972,694723,94815,151927,321519,256657,229045,466895,1427151,1156045,3775493,2294011,1455863,1118701,1316996,917075,894432,4796814,717823,2086651,3813028,1571462,196565,NA,3338169,2220679,1780132,1779895,2662467,1547369,7941054,1906851,3117396,1715241,978562,5056402,11796625,5847071,4809827,2808909,13349981,8919470,9481143,7529108,8223776,12906205,18542861,4497190,20966737,12921679,56729890,36214563,43884848,6217824,19867620,34700018,23528330,42034386,68419294,45249389,68486021,90828771,61730671,56994062,62476340,273081203,69588243,145449456,219020216
tube.47,virilis,D. virilis,vir48,F,314,5,47,1.826666667,111.032451846342,107.559623833333,166.0105,96.14,299.72,NA,22213,27704,45281,31276,285402,32511,NA,NA,49220,51410,52308,271788,107171,92324,143327,62492,159968,11602,76366,36120,157199,162273,133891,168354,117565,191946,81587,202562,135599,41615,39005,190122,176078,51934,136217,124174,320356,353344,175850,261842,255196,237932,231636,154828,223424,156399,175680,471969,62016,118358,382357,196996,227362,505814,793081,617379,4520135,1439681,965752,696964,1656835,503698,1044104,2662773,687673,1015735,3139489,1230891,1135931,NA,1275592,1757373,4202427,1915295,2207961,1638196,7608808,859807,3957078,885158,1277602,4032209,7215149,4301179,4893727,5459657,4094371,6029950,9386170,6567255,8389539,9854642,10517748,7763277,17645562,19797330,54447297,22880785,30071456,2790409,12250866,17156742,22996863,39275289,36983070,53226381,76331737,48167653,40388756,61248253,34078213,123900409,26913454,97938737,129477738
tube.48,virilis,D. virilis,vir48,M,321,5,48,1.473333333,69.658351717402,72.4628067083333,131.0828,84.26,299.72,NA,33249,34063,49412,62702,72198,75368,52117,NA,83730,72690,53449,481266,149760,42491,179583,127173,107456,116381,154301,34943,107258,242576,110801,341931,95889,289797,177912,193289,70299,55075,55362,298693,296371,49285,245692,1223566,310209,311411,163934,356735,350670,303310,208796,176107,344228,205913,349697,724923,113974,82733,471306,390124,385408,766731,1623732,1219815,5244458,2212517,2470949,940468,1934348,982777,938160,4013746,864647,1380275,3070199,1543697,138269,NA,2711222,2628516,2916630,1524776,2552552,1514168,14912361,2286482,3910192,1970947,1044941,5798273,11687277,6102691,5839353,9387802,6777543,9790923,11120011,7667346,8040733,14285988,16644990,6720869,23187969,19273871,81936550,49042814,42192561,5343754,21103848,23331761,22821295,54870849,62090101,41169945,83798286,89791893,37589049,62827687,61686373,180049646,56713959,135409973,197583458
tube.49,willistoni,D. willistoni,wil02,F,328,5,49,1.031333333,38.6492232512879,33.005457175,86.49998,59.72,126.4,NA,17812,18682,43319,18919,118642,23893,61686,45954,20438,24110,47064,80352,65630,48631,69042,29731,72300,30583,27014,66627,61653,75297,42034,147950,55865,94554,52414,123634,5309,53275,44718,149900,101699,45540,151143,82721,109168,181809,157902,186909,219357,157067,116207,49014,185014,41201,211327,457612,56581,422422,160487,209701,192428,334984,100474,246377,1134304,341787,222229,384603,639546,618819,726445,574427,1039347,1000789,2231408,562619,342290,NA,764837,33150,346290,403393,837516,2144206,984669,388346,1353956,617484,717121,2373769,1062072,1194494,2807348,2248752,737704,2122375,3272056,2250580,3712610,8769660,5709666,4689710,10400252,6852061,7050187,19922903,7587497,215854,6825306,10522294,21678553,30084778,23690833,10510552,38283377,16529685,45616583,73433636,48534745,53156148,17827960,47722008,101812033
tube.5,ananassae,D. ananassae,ana15,F,29,5,5,0.848666667,68.998265600888,67.9734259166667,90.99207,84.26,179.95,21592,18391,37364,53561,41986,912001,36234,152291,33995,80025,37710,46070,53661,115175,48223,122146,99682,81805,60944,75835,59898,120476,188105,201043,165971,81243,244778,132837,230423,97231,33240,71070,134615,232927,72588,280369,120065,252722,321075,167325,229716,214734,273556,240261,130506,456363,226537,135469,252733,136458,273837,106189,449023,477002,686956,382059,675104,2369164,728255,983281,889412,880740,479173,898599,1103680,1129437,1355364,2283197,1453654,931622,NA,1176400,2389918,2041125,1319032,2662670,1660763,1967154,2130497,2887859,2017110,1304040,2967301,3012190,3702934,4033880,7145459,3685256,8896832,7132347,8023919,8937644,13780796,17279136,10130706,11793561,15251358,15208582,16428681,15241730,26504605,16667605,20911718,24104031,36075127,34349139,36417831,53636950,57874913,45322665,63572367,87022466,116565647,71932826,109026025,167974766
tube.53,willistoni,D. willistoni,wil15,F,342,5,53,1.068666667,51.8445342359207,51.507638875,86.49998,59.72,107.92,NA,14674,15835,84885,16895,163396,29556,44428,NA,28852,38730,47779,72115,47151,57647,72734,67349,86099,64710,36096,85589,110435,147017,102273,350637,82814,98397,111754,153815,13142,72995,61698,111720,116372,82809,181597,142197,260522,241253,196283,227769,253553,234881,210276,286449,274161,193943,242657,307947,174615,764149,250911,395820,416202,602259,437707,876076,1479408,657662,509786,687644,812447,736230,858500,1830912,883517,752945,957178,1158116,675917,NA,1007574,1408737,1155721,634760,1479322,1818782,1951988,990068,2834311,1012727,1187486,2031298,2494554,2461569,4456162,2698943,1783148,3472911,4558045,4145722,7887889,11309426,9897917,9679910,8592190,14403298,15236649,30264680,13847411,10944469,17977581,16804320,23026930,36146540,31897711,18113301,51765743,41682707,47475549,63293872,66751548,89570365,35744645,68271592,136300704
tube.54,willistoni,D. willistoni,wil15,M,349,5,54,0.792,34.8067047370868,35.0132349541667,65.4794,48.25,102.03,NA,15674,15888,21742,58496,24474,16995,28319,NA,15079,42110,34019,38789,85458,40200,54963,34917,81043,58321,23127,69816,112291,122214,41383,276798,109910,87675,77474,123924,7431,75920,57444,120104,81777,43729,112803,166068,230084,207272,166096,222795,222119,162504,113039,113024,252015,49210,409934,319291,380963,639954,377244,164662,213891,327188,281058,427178,895996,507448,470823,605274,1006834,1143335,839813,1171908,717914,755250,2269517,1117895,136222,NA,744346,943154,1530355,740214,1557755,1809288,1960180,640772,2645257,823103,1086957,1488224,498140,2389547,5016840,1880692,1043042,2236979,3500405,3245475,3470718,9467195,12321384,5810202,6338510,7761910,13511334,31966294,10230755,9413852,9995127,11740707,23249203,31770623,24473455,10281782,57170840,34831247,46015498,67310932,77163990,79955771,20865247,68809379,92588475
tube.55,yakuba,D. yakuba,yak00,F,356,5,55,0.668666667,43.6646969600881,44.5008564833333,69.97201,35.89,59.72,NA,14139,40937,48396,60945,2093157,27336,36779,NA,22293,11960,31277,43575,127683,34710,73177,55735,70685,42616,9326,107257,109675,84984,29397,135011,84677,156300,68196,219109,11423,44120,35693,149016,80515,33680,119314,121082,477475,301595,125928,200995,241753,140305,222468,185686,142738,147952,290211,160960,37748,230799,212554,141775,157145,278811,148738,361150,2562600,267130,615339,637566,929540,917478,752723,936038,996428,966554,1601501,1107753,633612,NA,913570,1626610,2546448,674926,864410,2152568,1043492,842345,4856317,1207752,1077550,2822996,1259783,2701130,2871237,4128895,490939,2429144,4464912,4711726,6744155,9272024,25049462,8584042,12398992,7864361,6503736,24991813,5362682,15347068,10011711,10182651,22650928,29940150,27705293,28261839,48089998,27003342,33870908,71012128,32898046,65888218,26458988,65901260,111594521
tube.56,yakuba,D. yakuba,yak00,M,363,5,56,0.462666667,21.0454023024182,19.00234375,44.50086,35.89,35.89,198828,16610,31216,56777,185285,572098,24631,39815,2332554,14427,27980,47809,24538,228581,31557,64973,48663,109726,47793,11626,67681,95277,81037,39494,118686,52164,177166,87446,158166,6846,36140,40408,458720,64598,48079,178649,272942,494209,286825,182134,182403,155080,110471,148835,131759,104835,128885,339733,622135,255306,275913,260728,146085,136539,254772,249250,250157,4534627,361347,665171,564252,763729,1086333,777903,711517,604610,4234604,660603,955575,236959,NA,700938,1706969,1477851,769615,877838,2248598,1762602,875879,4508561,780858,939891,1546044,1157214,2128568,2929397,5767356,401118,1563313,3370339,3319102,4175097,11173497,20987474,10058236,5918646,7616172,11673782,26873021,7414098,8548439,8721436,7594912,22331564,32398364,22806305,13138965,43454659,23513566,13259859,73984265,42948914,49065812,18608160,59546200,118739477
tube.57,ananassae,D. ananassae,ana00,F,370,31,57,1.444666667,29.0649858757062,30.5058333333333,44.50083,90.2,120.76,17807,21654,30755,107915,45665,5706974,26355,426533,NA,50183,53270,52031,644191,123253,405775,159458,107953,94712,207588,111516,670222,196152,214898,49084,137229,49991,271224,182496,193293,81013,134760,85036,53997,168152,236879,154541,229424,472867,376749,153709,413396,312030,314366,163368,1508820,144465,219056,865120,112380,253887,802534,572249,535999,634506,343791,1533980,801959,3459379,506053,515608,1377473,720412,2704688,860042,1358419,1355208,1172021,1032825,2711986,333306,1245274,1186875,750190,375154,9984372,2214074,1818205,2013071,1916118,5142463,3060719,2245074,4921249,1016342,4960331,5367436,8555489,5636084,5320928,10858477,8844432,5591906,10631450,19288712,14047464,19264210,23947431,12724337,22631014,10501101,17620455,13435946,20604265,22492420,59064583,33662558,11718584,43979618,39630032,20070269,69140754,70537362,152199108,84480138,109705872,125657409
tube.58,ananassae,D. ananassae,ana00,M,373,31,58,0.836666667,48.7441666666667,49.03125,100.52125,59.72,107.92,39721,19294,42673,105255,119202,1573757,28324,1180113,NA,NA,38670,54306,NA,157661,39227,97559,63349,113588,112763,11641,148136,140831,129582,63508,222914,86242,178436,155835,310816,25738,56118,39149,49385,NA,110321,364673,323327,634012,310088,154266,228528,245978,174937,107390,463505,NA,175573,618487,206639,142376,281336,532280,193373,221576,248189,1545602,657648,2893985,964349,96753,677110,732269,1948280,1237266,1318498,503783,848021,422931,1166609,150845,413125,1152026,886651,381514,8279939,1373853,1905122,1577615,1168766,7217630,4346116,2000272,1446133,978965,3349737,3612332,5495551,461279,162673,5957708,4138550,3977034,18816818,15907278,9521643,6392676,7058393,11295070,14902783,20414531,12204332,15463011,11624130,23504878,34224481,29396129,6556245,49523804,41009178,7110309,68840342,92213851,81832846,54525057,81971753,120162184
tube.59,ananassae,D. ananassae,ana12,F,375,31,59,1.114,52.2963854274502,51.507638875,96.0443,204.5,204.5,30646,18927,17353,90759,36908,10781386,41621,216933,NA,42090,47860,71933,39222,114654,82193,165227,106370,96980,125654,96929,236072,155259,154733,70720,215806,54091,158194,108417,131179,129387,68722,95597,104177,115413,211375,324585,229941,685299,262312,148573,390153,334481,301510,192004,919535,255585,222038,451688,226727,431871,489234,238149,556789,566687,431094,893679,1025119,6476551,523009,708648,1167442,612659,1337692,787561,1284440,1122754,1499091,512254,2268460,413953,1830198,1249987,2721126,446013,5651507,1879057,1887039,1730532,1669698,7220326,2469663,2130298,2686366,1503183,2919957,6498298,5083477,5060430,3327067,6502606,5604426,5976488,12193866,15377327,9777624,7705535,14176893,10551338,17143435,10299114,31321330,15065426,24413731,22602238,58531951,34902396,6770846,38654566,47333969,25328998,68943628,88406704,109262627,84906069,107428895,135747311
tube.6,ananassae,D. ananassae,ana15,M,33,5,6,0.614666667,74.916109246224,76.9471932916667,114.49406,72.5,96.14,NA,21415,48119,33475,57507,256072,37193,156155,NA,18059,32990,53035,NA,96383,36190,81065,66742,91739,60391,78379,103546,134256,102188,156279,163086,85545,132658,118940,105641,63391,46596,66186,295824,60197,77877,174064,498694,345721,188796,228400,248164,244942,197643,174819,897289,181543,91108,403603,407947,276247,247093,342987,242983,255413,414492,447863,673687,1275456,609225,982948,636374,845786,1113040,954178,979743,749671,2439525,1870920,1072709,506976,NA,1391697,1301833,1173661,914510,2151815,1795006,3083383,1272079,4209888,2056756,979538,1929500,2022700,2219972,4737863,3357902,3571230,1590333,4203535,3719231,6139122,13357875,21177985,7967517,7987154,5440928,23362944,20611414,12747800,19191451,13438929,13958854,22836513,34541648,37861025,17899819,49711169,44247030,39727949,63017953,80598573,75376813,36248636,86332134,140295936
tube.60,ananassae,D. ananassae,ana12,M,380,31,60,0.668,62.3431431687016,65.4793981666667,114.4941,132.04,168.14,42903,14198,41364,38787,72934,2194720,33252,198584,44296,10667,20330,66058,NA,104760,47225,44203,29364,78500,60173,34776,127639,148649,87157,36631,632833,58441,163739,72316,175010,34788,35691,46282,34944,29033,61800,589831,342930,1067050,291438,132020,281398,240716,178593,100003,810408,40706,213661,688618,309562,101035,306197,388559,181387,156105,142276,641943,434957,1874879,731588,112815,543857,677583,2054562,931603,843418,786332,1043543,620142,895281,259529,NA,1083746,1898482,422508,2656526,569558,2226294,2038807,975887,11699927,3429761,1607675,1801360,523892,2082814,3833720,5362021,1533043,357628,4322686,2834631,3580536,15814450,17351167,12954044,7435457,5006867,14777625,23433146,14925045,20187398,14566581,13237893,22002042,45674246,27335562,6361811,38476575,33722916,11390083,70580593,111374012,65911141,48644769,76284744,124695112
tube.61,ananassae,D. ananassae,ana15,F,382,31,61,0.848666667,68.998265600888,67.9734259166667,90.99207,84.26,179.95,NA,20859,26662,75682,65916,10348042,32019,351609,49929,20100,30070,57214,31553,191401,66497,181071,81607,100879,102016,74111,158058,109697,222045,67504,152653,147764,107331,111913,145401,98899,60967,76223,178125,76798,163751,335144,126788,1197061,149891,144124,350090,263861,286478,216661,250940,228019,103073,632727,197132,28027,336304,212662,632311,595993,772436,474363,688683,5535134,809443,775547,951943,799826,1895570,976167,706878,919868,1828762,834202,1820809,285438,823459,1525091,1231629,844845,1962657,2500831,1896883,3117760,1734268,14103565,2095752,1756775,2061972,1021650,3684285,3793956,3135813,4074897,2085568,8639170,6846573,7236615,11744862,19711507,7397850,8718622,17659037,23757088,18617976,17660385,21398693,15075047,22445097,23903669,49790816,35313451,29400230,50492758,47635682,17936106,64601002,95223010,153258572,69692565,103405860,131302537
tube.62,ananassae,D. ananassae,ana15,M,386,31,62,0.614666667,74.916109246224,76.9471932916667,114.49406,72.5,96.14,51824,36807,48383,72407,242593,1717113,24631,520648,NA,NA,27190,46163,NA,317300,69182,90951,61552,96579,162821,10655,239007,198574,140767,30541,424819,71008,138497,97322,221577,42414,46503,59419,39782,NA,115770,440901,233867,983165,349679,211554,224214,177110,132930,116604,402107,58532,87870,620103,246863,166927,360351,790399,202824,248033,250164,709753,624452,1662745,971625,90036,668040,659372,1961724,970801,656712,707782,1265880,496805,1169717,114427,NA,1325281,696866,518339,1854737,1002755,2031809,2655603,1192404,10962888,4083538,1779583,1794330,1492238,2305422,5481680,4642782,474268,35575,4412176,3188796,3898058,14574167,25942533,9516137,7054987,7565502,16221611,16317076,19518500,11965762,15686452,9885454,22755917,38338967,28992978,7182844,41080137,39462531,1352680,72938013,103108427,101878606,53975761,84032857,128453801
tube.63,erecta,D. erecta,ere00,F,389,31,63,1.116666667,36.2771646567982,42.0014120375,79.45549,59.72,120.76,NA,11917,27864,42287,22437,3405148,14609,72610,NA,NA,25920,60503,66918,102203,89614,76009,109899,117694,115199,25121,206720,165101,102735,23226,177292,63638,241050,102336,125379,74818,73605,86402,64159,33591,114333,91200,122757,1339060,230738,160409,270861,219577,175923,96480,801209,88164,237405,744716,142552,21691,259912,295195,576509,618736,632333,625377,320603,3734083,389334,366083,1640550,668291,2071702,890561,2082670,2172302,925177,288164,3492862,858113,637998,713403,1821868,963463,7429071,891079,2093901,2037961,1210842,14146227,1453847,2228208,4610467,2148012,4219384,7863716,7173520,1095830,694476,6722296,6646399,3331778,6843524,7450504,14052761,20800404,14747750,13547009,18859196,7776213,9671905,12295869,11260241,22250277,40601948,19841268,26367611,40805511,27640704,9429270,71611340,34313475,70386664,36863723,64471974,78064447
tube.64,erecta,D. erecta,ere00,M,390,31,64,0.612666667,47.5123336221354,55.0223987291667,67.97343,24.1,66.11,45605,29155,35654,87439,137477,4393035,53568,46376,NA,63510,42830,60621,227852,249715,61871,133215,178730,111362,44036,48554,114929,127363,289357,10634,248856,74896,398520,183937,177619,32168,45125,51478,240170,209768,108324,104645,173402,246993,236123,187129,370492,280273,398424,188377,952524,940174,240402,191723,852494,340810,184076,57773,351720,357753,451364,1225482,417527,9624928,1321130,981357,3549772,1796989,533577,761823,3234372,998509,1342558,2554296,7200755,454117,590141,1864340,1922244,214785,5366423,1556483,1652398,1752976,2002089,2809948,2356667,927173,2959153,19946369,7512245,5726496,12491958,2138558,7273162,8737348,12961497,6498832,23697444,37244404,13995572,12408582,11341285,11088259,17382604,25458779,32928291,23348150,28730690,23042131,56268467,47735497,77843255,74049202,71762686,41139551,65035341,78606986,211667712,83013139,122883634,216139756
tube.65,melanogaster,D. melanogaster,mel56,F,391,31,65,0.660666667,73.7597442523674,76.9471932916667,93.53094,96.14,179.95,NA,17422,45162,57196,81497,4525884,43841,184611,NA,NA,44610,52399,35173,154482,87055,215753,96451,115811,110131,16136,218476,118842,330474,33068,187623,67501,275308,165300,209227,98899,77475,65094,499672,30462,125878,308608,449748,858812,278191,150558,242360,284479,291412,183054,298718,340013,187701,331047,909754,52977,230643,143431,521609,500970,673368,1573952,577769,9969145,595008,230123,1215287,1265542,1060633,761851,3884182,1022908,1428098,1197063,2374091,258064,404314,1363536,1757624,2532809,2294050,1271988,1709452,4382774,1549808,10100838,2476545,1118527,5763084,3524960,6951919,5193252,9187420,470114,804860,13496540,9299429,6937319,16194078,24844122,18565242,24012638,24991487,32924250,17146833,11535452,11575356,21660560,21851437,23623196,38041751,38357709,33613007,65358673,46347523,25159172,60623314,46486108,196806686,56108524,117019995,152698168
tube.66,melanogaster,D. melanogaster,mel61,F,395,31,66,1.145333333,39.1444048478947,42.0014120375,62.98528,84.26,59.72,NA,25596,37740,87620,38354,7155048,49258,354938,NA,NA,30600,36398,82940,126577,111564,92136,188404,97862,80704,26148,193393,109736,332101,108116,196593,122640,79250,117714,176736,565271,103518,66125,244418,57186,189110,92359,344173,968411,230087,164734,231860,285900,220733,316229,770791,548635,67959,756626,477217,542938,713416,960348,353149,413023,788456,1718383,875104,11607093,855477,559656,1514654,1485401,2284430,1015767,7346036,1432594,1733449,3366503,2828230,117159,6201433,1587942,2023383,3042341,9784412,2113634,1629388,2924546,1146873,10162576,2533769,2299483,4374221,5015532,6336172,4599803,2396193,1007855,1466497,11836942,10126672,11025779,14279777,19768027,14684387,18325558,20095716,18723591,15739606,17270872,19429309,18667387,16669182,22664360,38069177,44135299,53481209,71006640,49172666,18160102,59997509,33984743,220560736,30368485,113944220,126516821
tube.67,pseudoobscura,D. pseudoobscura,pse33,F,396,31,67,1.113333333,50.2344770069279,51.507638875,79.45549,59.72,84.26,NA,25828,38551,71688,223243,2995862,55171,130251,NA,60830,51790,49332,78231,342916,68168,211456,157284,118895,45881,38210,136996,104685,331951,7820,173523,111617,285045,224254,161937,20816,51345,66009,403069,189117,100633,173954,134198,271609,201872,123612,366704,258124,440998,181411,371646,579065,271784,189714,1017080,107145,161396,114158,390691,394177,407094,1371308,520039,9439840,1088158,452870,2317155,1814633,495676,781415,3404760,672454,1642419,2199816,4366625,96732,714618,1673964,1792507,334454,4157347,1568228,1683311,1718856,1309751,3062855,3870108,1095011,2801598,5893319,5841666,3790043,9097135,1538107,7326079,9248461,9820375,5603703,21763455,31593441,11262758,11554750,16325977,13489713,13830084,21859226,27980461,25842557,32447243,23865418,53242049,43278261,78216645,75585696,67770284,37953938,60470847,80047309,182193654,112588526,118021343,203067478
tube.68,pseudoobscura,D. pseudoobscura,pse96,F,400,31,68,1.069333333,50.1171767629167,52.7611660833333,79.45549,84.26,107.92,36183,29935,42600,41128,104530,3059764,43348,147484,NA,63880,59120,35498,110075,244596,81087,178755,202469,110379,43514,76631,174391,85766,220258,31914,249632,99465,353097,228726,215046,34556,78133,79133,465872,234724,187316,184445,216246,260098,282085,155259,462718,331579,315106,286400,1613528,326075,185293,243496,1198989,1621653,415382,274737,329326,342061,343207,2255821,662025,2848194,1025758,755267,4812857,1547670,678143,880132,3757671,1706239,1969882,1858215,10415890,128445,1765671,1789443,414181,34742,8491168,1311393,1638711,1809778,1345075,3181912,3143098,1713258,6174944,9245743,12486281,3571889,10970412,3315947,7508872,11501132,20385697,10152058,31461959,18389525,11911986,24791429,21050826,12635995,13025060,21391870,6005407,29245615,25113159,23501332,61795342,45044905,24786858,80225235,64123675,40528075,61584899,76247067,169425639,91034977,140748195,191379975
tube.69,pseudoobscura,D. pseudoobscura,pse217,F,405,31,69,1.565333333,39.7451986898485,37.5107638875,65.4794,59.72,84.26,23031,18450,28919,86963,92656,5534210,47290,50479,NA,43831,44900,34646,117982,210989,62677,178144,108405,96292,47786,25997,249035,89520,254141,24047,228016,60080,107685,164746,134665,13818,46872,57490,92591,154369,138687,134444,162011,326357,172763,177416,324517,146054,251631,220934,1092176,467213,238621,242777,329818,283275,241423,166038,333305,363602,533683,824924,429499,2826131,448066,789086,2115334,995875,766923,811092,1333307,1751832,858256,1794314,4125088,638132,333736,1523619,1050242,474390,6180350,2228546,1820045,1856843,1423760,3748675,3161918,949173,3538565,10118348,5477962,5092777,3064274,1331138,5488884,6945161,9241499,8245302,17033545,25344057,6338387,14436815,10752875,12211104,15613184,8996544,19865835,19652593,19194524,23401439,48414441,43245039,52393521,52302857,58914366,36450923,67658712,51023825,153115485,60958893,104823871,175143350
tube.7,erecta,D. erecta,ere00,F,37,5,7,1.116666667,36.2771646567982,42.0014120375,79.45549,59.72,120.76,NA,14089,29724,39128,27892,2914910,37437,50329,38041,NA,29910,69273,146531,188230,55263,197237,93245,89300,40782,85653,54440,140330,251865,118454,403259,130339,248673,134392,188931,143459,60488,70110,282091,49555,41604,97612,204864,911158,301560,247009,238960,274949,175556,256946,185698,667440,79539,416168,326843,28101,195754,304411,267261,285664,655913,194445,541035,1922437,839926,2301713,1218255,1475071,1297011,913431,1983408,2499111,1359696,2083462,2458341,109413,NA,943455,3056390,3999726,1825656,2066191,1695819,4582168,916791,11055814,1253514,974869,7059028,4191101,5897066,4119247,7832279,4697724,1137692,11118623,10218202,9514766,15217649,16849468,8040048,29094860,20836100,33685817,33837271,17883690,36128104,10890009,12705504,22636362,35756360,31372571,47973537,74338691,52992715,26147515,62938113,80100641,152975963,48400065,97737316,108371365
tube.70,pseudoobscura,D. pseudoobscura,pse217,M,410,31,70,1.149333333,20.0888583005208,19.00234375,42.00141,48.25,72.5,NA,14698,56844,29496,371093,577996,23152,70933,NA,38159,70680,59839,51491,396194,132692,78873,79285,98135,141902,58056,331974,146348,154489,19477,222090,96543,200429,158323,254516,13481,80822,79617,188893,138124,249744,252329,277538,260564,266658,185568,242238,325885,284511,165128,301210,106481,857481,411465,510975,224941,223706,493129,539514,479447,841356,1402015,405937,1699597,1369204,532744,2800046,905306,1269504,1186544,379052,666101,963402,548014,5672950,626146,850862,864190,415391,581177,3907266,1206122,1890265,2108596,1796099,2906270,2777519,1330547,1862516,2876899,7306317,3402724,4951658,2734018,3691139,7112150,10712066,5036729,24022676,23163126,12317773,8013623,6864897,18704467,16410534,28998692,12132266,28756006,20141325,22804570,36490017,24701146,27252214,56129993,53491547,20238115,65153322,83618961,107409000,75939510,103858623,161883227
tube.71,sechellia,D. sechellia,sec07,F,411,31,71,0.831333333,61.020246006867,65.4793981666667,93.53094,72.5,96.14,NA,22657,34438,106612,120125,1203926,24877,341409,27076,NA,53350,57021,364748,207717,185880,76689,127840,119067,197391,28077,615730,227680,279005,27235,223221,68779,201379,126422,196482,514199,52613,73807,182130,46164,226012,145163,201085,817904,401422,241810,467591,211059,325265,294384,1253385,578525,1280730,721543,529741,30975,243765,225205,433746,443410,640771,950537,545122,2871601,823205,75418,1298592,638306,2182268,851386,1857458,2020312,2330827,907674,2435891,119682,699966,1148196,2584448,905547,2708223,1652355,1985403,12030336,2658517,9212605,2160062,1912054,5984586,3894913,6772508,4843810,5493175,1404527,1261379,11980047,11891730,8417655,16750680,39197083,14250689,25051232,12278564,66698014,30063305,17274799,15914009,18377623,22647778,22519943,63679242,28395835,6817266,39427456,34911890,1168364,68840082,85197288,195520485,71862406,110995235,113405617
tube.72,sechellia,D. sechellia,sec07,M,416,31,72,0.684666667,56.3949094444506,60.9893345,79.45549,48.25,72.5,267202,27408,58023,43543,224874,264094,30788,841221,NA,NA,59450,42848,102785,318628,88258,154553,52929,141879,181973,22394,240961,115611,204614,41386,163358,88903,159896,119079,403383,360088,50180,53730,190357,NA,140439,157869,487500,580469,279311,160429,297137,254523,159601,220885,1359390,272173,275514,400862,477659,106833,264597,613316,342881,313874,418476,1086466,567701,1546345,1098651,120378,794161,639555,1308854,1152610,779766,1526651,1480827,582436,1652214,133189,765463,1256254,865794,765888,4600491,799031,1903129,3845269,1617957,6832361,1649378,1748258,2263323,1407672,5311929,5072451,4181812,946098,69397,7768304,8303558,6729930,23458617,23644845,10999814,9442141,9505784,30830797,20881557,22035936,8588089,17327978,12035604,23512568,44391886,30203709,6080489,43982485,41490335,4841765,66469599,71817672,138367306,55471421,94529733,102881984
tube.73,sechellia,D. sechellia,sec28,F,417,31,73,1.05,60.9385752815417,65.4793981666667,100.52139,107.92,132.04,NA,30969,26132,81757,41898,1379145,48018,125525,NA,11872,28770,46353,112618,63574,92865,92978,153273,82363,100865,11669,257581,96692,330664,36517,138416,66050,204603,100435,241755,839908,41991,29296,70374,42565,136982,133034,259538,590682,228662,122390,394502,229579,212977,284746,599408,485127,214588,843747,208939,41986,227567,181353,340434,401696,507656,1411021,573303,1353940,439092,480997,1107999,1127891,2456485,630395,2280081,1516615,834373,376953,2121070,86528,211594,1471695,1188712,1103289,3615279,1559439,1909747,2792127,1081364,6576023,2274999,1646763,4999199,2446478,5045795,2875139,6503730,861895,1100226,8205260,8187804,8305731,13743707,20511201,11604769,20457365,10116718,18570774,18186597,9355186,16682349,18138998,16325945,22281624,58555363,34498320,3289200,56484671,43913833,11197558,69322470,42418669,177661247,60841017,88253972,137020683
tube.74,sechellia,D. sechellia,sec28,M,421,31,74,0.746,49.1987396990333,51.507638875,81.95413,59.72,84.26,409298,30004,45632,74181,337885,87500,38916,652105,49426,NA,59100,49282,113087,380489,114856,130042,67227,115588,169493,16383,248325,103392,203967,71656,106133,81328,205561,104965,258871,698631,39426,49836,201347,NA,145275,107693,344438,553573,247486,165403,280660,200528,216414,227451,807835,345644,252621,332169,620388,72213,252745,491634,276549,257098,260917,1650528,600411,845495,680166,37202,946931,829125,1021964,969797,524604,1611775,1307710,530970,1845789,118567,503788,1211340,341470,876711,5231601,651052,1944836,4946889,1229793,5905050,1599158,1611376,2411289,2101227,4045752,3967915,6419315,788308,23042,7293695,7147128,7149607,21730340,20315343,10418317,10743687,12647836,34143382,18649519,14071141,9201627,16468369,15193263,21760380,46062896,32244774,4647254,47075732,36791295,5469059,70466970,99486122,129522981,52227817,94312518,119080758
tube.75,sechellia,D. sechellia,sec31,F,423,31,75,1.32,65.5240485022297,76.9471932916667,93.53094,96.14,24.1,NA,25171,36997,50836,50884,1665208,20935,123773,NA,6641,64960,73326,66246,97827,69197,106560,158030,87440,145664,23155,390389,83978,263984,24799,184463,81513,180484,92276,136687,389803,46264,58062,76560,23462,156919,153651,237649,877929,242071,150468,307815,156381,224475,252742,535360,295813,458002,616149,316270,313918,166895,158377,571374,711933,895258,855917,521958,1106501,544596,137347,1311302,642794,2045743,816188,2407717,2380404,1311432,419798,2604034,331759,554813,1081745,754519,840412,6301514,1202229,2062205,2160910,1689913,10133438,2090417,2187155,2666826,3893130,5260862,4850786,5717750,1020768,429857,8893589,10984837,7290982,11355290,17663191,15064293,11557979,12243607,14466236,17332607,11532240,8807976,18692572,15328046,21583059,46661005,25610789,4128435,39144712,37826814,2456609,70459782,52199755,165435006,53274090,86242726,123536062
tube.76,simulans,D. simulans,sim286,F,424,31,76,1.344666667,63.7235039060028,65.4793981666667,96.0443,96.14,228.37,NA,16661,42022,56152,65628,6024016,44333,127458,NA,16673,71980,43641,NA,178975,77092,187592,155515,131931,66117,11407,163724,146793,400039,24584,313875,105489,249886,185751,183123,66727,59680,37560,239036,65810,82053,192396,325975,807438,347177,141744,264756,303302,307858,205114,528199,326575,314781,301365,503671,29645,231339,119438,418426,422156,605955,1128604,535339,5648182,933884,1188856,1010141,1234056,906506,982260,5471403,763733,787141,1657148,1688733,194786,308654,1205521,2471060,2117276,1203584,1532216,1766255,4855697,1992617,10666765,2893169,1343792,3330614,3492222,4161456,4651631,8586998,573047,2144697,8999499,5824915,7071761,14286826,21912885,20835673,13573261,17286561,37269333,15407691,19072424,15021784,23537220,22669005,24238227,38803695,35952738,25521536,65815238,64197161,42432095,62251999,59464130,260850539,87219391,113657528,187724019
tube.77,simulans,D. simulans,sim286,M,429,31,77,0.810666667,57.5168285096289,58.516776625,86.49998,72.5,174.045,232283,24631,65852,88027,260261,2663418,29309,393327,1086255,9444,44410,44372,72447,398523,57411,133691,124251,113180,141242,16383,390967,148002,215491,59964,220959,94255,194489,125684,204883,58148,46250,55831,177174,13436,120280,162253,491910,615456,244056,152753,303460,260750,247381,127489,833736,220727,270560,321490,381120,90435,215942,747132,467982,488597,561251,2208733,650736,5639682,1132599,176975,1645253,617474,1048802,924951,3570260,519141,873202,494890,3257789,100389,530610,1623130,1656661,1316567,4534761,1374092,1868821,5987882,1795019,6774848,2821819,2486645,2509836,7115493,5280162,5966685,5978935,493876,574778,8562275,7723079,4311124,20173496,16487089,16533173,10608378,18834913,43143558,20969496,23227129,10776715,22936126,18059875,23910713,44604835,25557399,11459460,44091727,49024868,6935946,67557547,79271644,156268773,26990685,109971382,105159852
tube.78,simulans,D. simulans,sim287,F,434,31,78,1.024666667,64.2355418818871,62.9852835833333,86.49998,155.93,216.42,NA,24325,33590,40199,57282,9554015,24876,85192,NA,NA,51830,73700,NA,72619,61857,123172,80958,114134,78547,30447,143795,151338,248744,31694,187173,130210,120669,108362,195317,27881,54390,57339,47192,31926,78384,98704,145709,715141,409176,180732,236576,261623,211578,173309,89705,195432,289727,1185896,178224,154728,157008,322550,503707,477694,1090408,999647,569709,5791528,646422,489059,974905,641866,3780977,1971218,2082511,757179,616634,811176,1936946,495373,422144,1342727,4401118,1969404,5360663,2027017,1848792,3591229,1967423,8493686,1561255,1816322,1529710,3025752,4691889,4343390,3744701,1034798,918606,9768614,7792190,6010696,14602317,20835480,13237824,6347025,15696249,30077766,22189541,13761800,14759492,19526663,14389274,23851246,37382147,28912420,29574671,46028522,44969220,17879968,64567334,47609962,160141863,66061024,91466041,114863511
tube.79,simulans,D. simulans,sim287,M,438,31,79,0.65,46.4028647969419,49.0314178333333,93.53094,84.26,143.81,646685,20549,48492,46013,277657,1340950,32758,112197,863359,9673,33350,41203,36143,382492,41250,129896,50360,89926,78832,9276,106076,73157,193459,68866,135837,54719,212216,100316,298340,18823,22836,21703,102088,39023,63797,208391,555797,292805,210396,150699,259273,152687,155391,120123,987328,37904,110526,205948,300745,127443,187173,304726,157128,170912,165196,1248148,419320,1828904,1042947,436597,614824,465790,597833,883934,1462261,584607,851085,954084,1144130,201394,254642,1084312,2838523,844734,1026445,811493,2020006,4838799,1159307,3377663,1199553,1162976,1306941,5157664,3245269,4352141,5504746,326007,925176,5081530,5144219,3201633,35120535,16246825,16268029,5545211,10376383,31846542,23013888,21204161,8914235,10957141,12025170,21961146,45114025,26386644,7078991,32137825,31406303,7024739,71936224,72623026,125640749,34857742,72106864,87197677
tube.8,erecta,D. erecta,ere00,M,44,5,8,0.612666667,47.5123336221354,55.0223987291667,67.97343,24.1,66.11,350973,10041,43204,40849,89927,396006,19142,40890,1090809,NA,35020,34107,44934,288817,59956,164134,38457,76905,32550,23802,38960,164476,103658,64169,220628,87416,125558,80910,171809,48854,34445,61465,174798,38241,33479,61574,286868,302892,458433,201420,187610,256718,110473,93190,203675,349527,54840,337614,353230,126881,166290,209585,143975,135926,295799,287516,258419,2985830,483415,956672,631901,752228,917609,991125,423507,631762,1055438,987407,1220807,214250,NA,729168,2051309,942791,2497120,786034,1956229,3303206,665606,3438773,583140,1104350,2161432,2272460,3158437,5132058,3547416,985376,811133,4186081,4695948,3583021,10297175,8897011,6691871,9695580,7565148,26206340,27242536,10590812,18469231,6968434,8538720,23288637,30451102,22688992,23436934,46632131,25951148,14275576,69703535,60314093,76216134,19017873,59365751,90594705
tube.80,virilis,D. virilis,vir00,F,439,31,80,2.020666667,74.2632739906746,67.9734259166667,128.64476,96.14,84.26,19203,105802,48261,79743,152951,1454081,74873,715314,435104,122717,233900,80093,250405,451759,221803,222191,404761,194501,1207784,46588,765589,220011,424373,160784,366167,202604,594899,302221,467224,107002,730052,491893,798184,426564,1698738,207402,492226,569800,578526,145453,472503,490071,529221,396383,3694947,512604,494075,3476491,316687,157713,2137909,11013494,1127249,1018666,2786630,4142470,1695815,13867736,2580791,1212245,3302165,2095721,10865803,1065316,14328600,5895509,3783381,1199528,6639740,229739,16350539,5187857,513408,3859283,34710462,2853103,1238098,7144431,3386657,6497456,4141997,31095410,11341072,20562783,20404544,6942241,20354997,2608323,13709710,29702897,30093250,14876750,34732559,19633215,29694698,41989174,38270942,23171992,50990906,49095945,3498825,37706793,35620299,19199851,64464062,61989069,40956911,97748447,107508604,31293083,55095231,80817457,300359595,78693557,174624596,186891536
tube.81,virilis,D. virilis,vir08,M,441,31,81,2.018666667,95.0974792836574,93.5309375,135.9365,84.26,299.72,NA,47951,22420,76912,52217,80266,61574,75929,NA,55635,88630,49757,113114,118002,161068,204911,93448,96918,139539,83667,122370,129935,439927,26110,344193,109001,101451,168771,198489,70779,39854,53067,277985,221655,98784,363803,1154033,283903,300550,162781,371249,217455,323743,187202,254133,83213,415698,321801,495079,27018,172526,427586,464856,466588,646257,1530791,743434,3479162,2452621,912920,777450,728775,898077,832815,2922479,888832,1238288,778158,964991,1426182,422169,2144260,487658,938968,1198537,1571885,1678682,11316897,2733279,3276962,1616245,1980082,3081313,10314567,3110641,4288951,3263276,4269045,7612928,6994409,4724714,6409333,8851805,16223861,14683020,14073321,9955304,75154584,29908525,47241542,2469536,27355828,24388528,22906105,51272546,42247472,20410604,49137269,57809251,30045198,61757801,72949477,284275481,83983944,125181941,211120458
tube.82,virilis,D. virilis,vir48,F,444,31,82,1.826666667,111.032451846342,107.559623833333,166.0105,96.14,299.72,30435,35275,42862,79450,127021,187251,55545,71143,NA,131940,167800,38507,153178,291130,43024,280940,181965,74198,75819,85501,108949,116772,426634,84993,240184,100850,389241,229108,233342,51952,52163,50786,155355,415696,114717,260478,440502,621727,281648,140659,432256,208989,620874,321430,143841,228176,412851,280836,391254,111189,141666,233886,795660,727811,1159617,2207660,1086777,9799827,2431133,1009057,1298661,1637361,873794,769459,5050008,981974,823231,887747,1884335,771961,NA,2085758,1136275,2607528,1524232,3792315,1404279,17022683,4220153,7319137,2330032,1708546,4250671,18014376,7149919,4229143,12860904,3658255,14219827,17413597,10632687,11782192,15281178,15111025,13946305,18909576,38937455,92146937,43597251,45799490,6951052,30632726,44031025,23250870,61149735,52111937,27051417,78398753,64867333,50553891,59431254,84129013,306440758,145671852,132606854,211112484
tube.83,virilis,D. virilis,vir48,M,449,31,83,1.473333333,69.658351717402,72.4628067083333,131.0828,84.26,299.72,NA,39438,46176,88587,156017,51037,63793,213413,40336,109607,134400,60419,170450,370975,120339,212592,148048,97090,240627,52769,103084,127092,375392,49835,212856,76987,271201,250311,201707,45984,48324,79813,277202,303164,88303,428322,1436048,501887,243075,130996,460893,270255,562606,225856,100613,130958,500905,399265,700355,83944,151500,1366390,1209168,1242547,2884212,2357264,1057730,5468246,2998251,1778006,1128835,1799461,1238906,955049,4063002,1261885,1599144,770842,1676365,170093,NA,2434613,666834,2136697,2720203,2344861,1640083,43419266,3904684,5614277,1874359,1919474,6088086,16612767,5098954,8821112,9219893,2886236,13240827,12294133,7275736,7672858,16212151,23418096,12425019,23992701,30355730,145680589,50913287,52931145,8819385,26900603,44149732,21897529,69070994,51984406,15837375,79146078,50334299,17551713,68912624,103212932,252321985,121441978,142901136,215368049
tube.84,melanogaster,D. melanogaster,mel61,M,466,31,84,0.67,44.7512318006579,49.0314178333333,60.98933,84.26,72.5,433043,25283,51665,86070,280126,1848189,19581,135291,1576341,12807,36150,40229,38552,395464,96789,177804,46025,94410,84195,12187,141805,110848,299211,95256,182362,87087,86347,152941,256260,486866,67975,72341,426892,28407,102162,151925,378967,973635,213052,174406,230821,178109,206962,141103,302788,32169,158189,731985,1460452,163190,360203,590148,239671,258836,272328,1624272,455079,7825217,843845,300639,882574,673746,2071344,986477,1718390,722809,1402544,778552,1659701,420623,1054053,956828,1421607,1053337,3142114,659074,1980227,3262490,981085,12266935,1441237,2201693,1636527,7453047,3479452,4737725,2114092,408806,1026619,4252910,4570988,3753341,16395677,21202801,17137268,7273644,8528748,22591589,25644228,16919409,11024057,15301396,14758032,23947651,37620468,29129266,12736045,44750041,38299710,14947953,73914937,65303077,170290836,22284147,69862975,109215487
tube.85,mojavensis,D. mojavensis,moj1002,F,471,31,85,1.128,59.850741056036,65.4793981666667,100.52139,242.37,265.51,NA,58191,38423,165211,134423,189792,84485,147349,NA,42509,79350,41007,95606,506298,61341,123970,167983,94150,138795,64885,162411,94055,176058,16254,134055,69976,204735,134436,209783,44797,31445,59894,184155,135645,91574,283201,283502,1163581,228088,149792,319606,290006,330518,140774,122191,282840,231289,782952,794109,92805,351555,521060,286973,340920,951282,1638992,453299,3039085,1268242,371596,2163386,1002811,2206550,930102,3014180,921955,1320960,770391,3832619,619005,273593,2852876,1183291,553726,5162143,2180931,1893819,1140244,1556720,12215299,1925138,1630042,7798020,15759183,9815729,6470433,6902299,3358187,4626697,20124420,11943804,4395592,14401167,27635619,19361729,32602721,10325208,7161481,53247296,24958249,16377595,15907615,25632940,21831387,47360176,54607382,34625685,52691674,57458860,23363164,66347072,66371388,113499899,50601161,100907924,192172389
tube.86,mojavensis,D. mojavensis,moj2008,F,476,31,86,1.264,46.4042477822521,49.0314178333333,86.49998,NA,NA,NA,37463,27327,203883,122342,159181,77610,174866,NA,77274,41040,38301,171185,415095,48046,169724,155616,127865,101217,69709,99864,129645,246325,15417,143893,68740,189866,125106,277750,40267,41553,98036,255171,207026,139238,183272,415908,1191860,295960,135133,305021,352734,479026,143221,163318,441532,215611,1127329,919910,30563,245465,853190,312467,311035,778137,1407271,577112,2506473,1587471,628402,2134742,1234462,3357313,1085310,3463089,1062661,1231844,902150,3752477,756232,NA,2876424,1348333,820131,1397400,1715871,1620294,1289691,2096326,13012131,2817666,1399588,10755001,32344166,9786782,9131961,6327762,3283321,7970352,18356187,12613407,4407509,12680153,34504367,16431557,42399063,14590900,7650636,50927351,31379652,11616921,17609832,39037717,22272473,49378313,60721644,72167112,62577960,79054817,52313039,63955330,71193230,161106063,86550271,118868992,218282930
tube.87,mojavensis,D. mojavensis,moj2008,M,481,31,87,1.034,38.1197137740167,35.0132349541667,107.55962,NA,NA,29509,34722,18688,95064,159516,275494,32999,102309,NA,38669,67270,55357,591056,277992,67941,171749,88910,106896,224276,28686,238401,103033,173053,51228,136701,115195,147061,164334,269601,48378,55079,85907,775037,122135,109317,325610,1123988,1203422,270376,174029,250959,214340,395027,139580,522111,81698,309153,850720,1838840,160910,328106,623048,587695,613916,886644,2794080,633077,2173871,1896022,840733,2278257,1096581,2276269,795179,2755736,1095514,6003933,501645,4443763,251399,395179,1968340,841982,182917,3062540,899300,1753097,1374344,1468320,14177721,3255462,3287842,3319473,12929973,17099517,4901379,4577199,1104515,4684908,10425755,15066719,4510645,25227278,31911568,11749170,14442880,9694604,11907267,65157169,37385750,6035925,18979632,26270724,21793245,40286440,35495597,26682867,63563442,63616516,38093507,64125759,80632170,109920304,36537532,81352529,166665351
tube.88,simulans,D. simulans,sim006,F,487,31,88,0.928,52.3655544300694,56.0301041666667,72.46281,72.5,120.76,NA,13349,19236,31956,34901,3840693,32512,NA,NA,NA,25560,39700,NA,65421,47944,71166,38142,74239,35207,21009,50948,70923,176352,19789,105505,75404,153223,71739,65879,43134,31671,46439,227097,50039,51223,68709,69719,774572,174901,168087,212362,181357,157870,144523,55841,93234,135571,712636,373820,73656,95253,122210,167407,180746,315558,661749,291453,1934142,309628,463380,651551,763949,2245364,752597,1113925,679412,992807,719595,1048808,351801,NA,867182,1769038,2133219,782678,922719,2225591,2077759,695570,9112777,917239,819560,2433456,2973313,3092478,4475703,4083993,1002023,1039452,5221287,4596266,5006180,9905886,21052947,9609888,9179393,8529137,14939696,14322721,7098064,15566179,11646880,10509745,25553586,32886065,24187365,9605625,48692899,29569806,21141297,75634125,52761110,100660619,21698752,53403147,120433743
tube.89,simulans,D. simulans,sim006,M,492,31,89,0.562666667,38.3232170189565,42.0014120375,67.97343,35.89,59.72,280581,20550,63152,65531,411997,473723,22905,386625,2633468,NA,24880,73398,11121,399917,32315,179313,28615,112216,93457,13488,120788,82142,154545,24059,114631,106067,105832,93059,182257,15987,49218,39709,114572,NA,79117,124874,394326,630056,222689,188599,246672,161514,298968,114007,98475,34196,176347,672813,270967,123957,152269,840698,186642,174114,264428,959070,443296,1491191,1007630,54604,624387,719373,1993902,1189992,1008636,475141,608255,748778,1045878,258404,NA,929897,1467817,1433386,1088932,493567,1939354,5555618,857817,8078538,1152332,2036413,1431104,4323940,3382903,3908444,2781397,644146,90957,4025826,5172687,3745743,13639697,24827987,15611915,5658846,10747678,44117415,23235042,21656421,10025499,15793413,19212476,23070084,37204794,26474643,9322663,48797153,29565514,2181087,70522152,88352542,89919061,12469180,76483775,126398425
tube.9,melanogaster,D. melanogaster,mel14,F,51,5,9,0.825,60.2227336296429,67.9734259166667,74.94652,155.93,252.07,NA,23389,48643,91197,83225,2755320,37177,109507,NA,34104,42120,58432,43394,159533,57193,209807,79288,89355,37884,36787,53501,114623,239662,34428,210189,87651,146122,118785,161071,99376,49569,46913,98543,120644,58517,86733,191377,323895,274006,218269,189204,257877,254881,188709,166140,872659,173801,253718,233602,28694,167045,172105,278660,292358,722290,730657,478243,5218838,979627,1024923,1041806,1138785,846090,841605,4182913,844833,582234,2479957,1803453,347353,NA,1210563,3033373,2089173,1436242,1828815,1734862,4827210,1524574,4149791,1251514,1042601,4073461,5408548,4464070,4191404,3659691,2092097,4034811,8339682,7127925,6340090,13438190,18038491,7116794,16704526,16562419,35953232,15231602,20553352,25098053,13643983,20112574,23096750,33328160,37106134,54934251,67192809,52815556,34449964,61408234,81920151,150114484,28122695,109728053,163409429
tube.90,virilis,D. virilis,vir00,M,501,31,90,2.118666667,39.8019565848684,37.5107638875,93.53094,120.76,120.76,NA,28561,29300,113242,103830,13760,47784,226815,33688,79063,111500,42225,133664,293537,108348,166754,108341,102163,271254,55510,210149,83288,275343,53323,573942,69707,283090,226477,185168,44553,164372,96367,181707,253946,179774,435038,1531080,351285,242735,140321,377276,246322,636082,168475,232112,146931,578307,576019,698324,27491,372411,1347529,556265,594836,1040229,2190485,903687,7170728,2724619,1100390,1088060,2149782,1721622,922059,4121613,1453117,1238236,600152,1674262,145236,2129556,1989945,424857,2408633,2481266,1519518,1692933,12473448,2149763,3489903,2059382,4395126,5277982,18055561,4652211,8029589,8657164,2641081,9959000,7635318,6096388,5690438,18496349,12220070,7466316,22485346,22830409,68149245,30814549,48719443,4061309,26565851,45421014,21897737,55331072,43378686,29987155,85590270,71807071,19939289,63355869,127089021,177170954,54154284,126184978,197892908
tube.92,willistoni,D. willistoni,wil02,F,509,31,92,1.031333333,38.6492232512879,33.005457175,86.49998,59.72,126.4,NA,22488,18924,57893,52879,324471,25862,195502,NA,32540,29480,42584,77952,141848,58701,130471,90090,102842,85054,22439,173162,98709,145154,37810,272808,73837,68776,106212,218536,2780,55674,51343,137092,93034,97381,172625,125978,649779,253624,163143,268817,251154,245459,141905,69734,242692,163126,1169485,437819,57961,452640,443037,512393,595248,933507,371655,415129,1812597,446502,768373,611566,615567,3644875,673963,1822368,1035666,809614,431161,952894,457738,NA,992868,25378,501429,1425495,1326471,2013581,1168894,979249,6968780,1875329,1502602,2180382,3989473,1901032,4762482,1582925,930946,2376674,4341322,3364208,4988057,12609379,6666151,8592278,9412055,13636230,7412718,28658519,8858182,214656,14819711,20188421,22867240,42265636,27238097,11840488,39205147,31575550,21355948,70912211,74521637,85782338,41333204,77882821,110067551
tube.93,willistoni,D. willistoni,wil15,F,513,31,93,1.068666667,51.8445342359207,51.507638875,86.49998,59.72,107.92,NA,26204,17655,88296,36464,474356,37439,60961,37243,NA,32720,81322,115727,127410,75369,163446,76148,91930,93187,30399,262621,83401,258495,41260,113354,70322,82901,87295,120440,29308,145415,95045,277898,40511,262121,221740,144225,407907,165387,171213,294305,319700,337958,285764,195954,457470,148212,569066,583671,336705,1039264,779403,519321,528603,872892,586177,620061,1615817,489134,899932,932842,849541,1809378,938533,1486885,1926713,1642044,603250,1832586,771148,641691,1270706,1422759,887712,1741875,1400471,1931363,1744214,1127925,4116501,1161065,2512264,2338335,9385792,2674924,5697170,1645993,1423384,794081,4911523,4825931,7930644,11249366,10748422,16483051,9802568,17244886,9460384,35390891,9632586,11758334,15539818,26350620,22566700,45157654,34813853,9062882,47395113,37829655,28377275,71187015,63322267,148890238,54771863,83809530,106615373
tube.94,willistoni,D. willistoni,wil15,M,518,31,94,0.792,34.8067047370868,35.0132349541667,65.4794,48.25,102.03,NA,21478,37004,40386,133068,614748,27340,110183,86754,38882,46790,40642,56878,264168,87437,118235,54044,90029,293644,13722,287749,176632,142552,65866,129330,113261,190098,107430,284984,9825,187014,118165,228578,155676,281267,38521,146697,463200,534399,192484,333552,337042,269879,144966,448578,100228,199138,1655165,533170,278684,941096,4081180,578230,672920,816974,1083019,481035,1705373,795436,356185,1376218,711911,4766759,912375,1152018,1393916,1504696,433450,2641047,360638,3202467,1178951,804426,780446,4050512,870193,1741259,3255332,1381668,4868755,973837,6986812,2040762,8799137,4508661,5692588,5279025,369171,4200616,7316228,6604611,4291400,14920378,7466285,16986903,8638641,27235216,14295305,55687262,16362473,8853453,12148181,19523735,22291866,49714025,25861329,9872106,42739636,25546732,7489239,72396695,106597511,92784110,22783880,86163269,100608430
tube.95,yakuba,D. yakuba,yak00,F,522,31,95,0.668666667,43.6646969600881,44.5008564833333,69.97201,35.89,59.72,NA,23929,52239,54106,68854,4223812,30050,144529,NA,22437,32950,80511,57946,168916,160071,156160,149393,117038,68107,14545,294913,250736,173215,36722,161463,115332,186985,109147,274254,25734,55692,46450,177455,48770,187632,108372,161938,1163168,1067047,151490,316930,291237,233253,306683,760687,151771,78997,1086161,355090,52094,508626,375577,336293,372140,667104,1432014,502912,5003310,313686,1413379,1138828,755467,3339830,888127,1347150,1329174,1329409,682524,2341487,416118,681198,1541844,1474212,2364533,2380070,1251439,1948604,815034,1391760,13185640,2610355,2708722,2844107,14771755,5063279,7231142,5236651,411245,1385996,7595016,7928446,6902527,11490829,24172795,20400672,10756282,15792476,4465928,23133737,5642483,5826877,13759909,16493596,22122308,49619774,37792654,22435511,44942356,40532263,12423574,69591319,17183076,107940183,39324942,99157249,123462187
tube.96,yakuba,D. yakuba,yak00,M,527,31,96,0.462666667,21.0454023024182,19.00234375,44.50086,35.89,35.89,334464,15363,35708,42330,277930,585511,21922,67612,1221157,7051,20440,74434,36273,356657,70270,96960,28756,103016,79624,13366,130275,173155,101004,34266,110148,62514,144559,93023,174137,13558,52658,100731,215670,43196,83644,179312,243003,767611,362720,144312,295588,261799,159975,141055,382087,NA,125300,1141332,208114,97351,317749,881774,173720,168562,261734,1109816,323066,2315997,424914,269015,617619,729944,3350933,1037062,696561,780037,2582621,632990,1177443,321818,643647,930860,1016813,1368283,1107663,977210,2178218,1930869,649816,8246223,1042104,1806047,892844,5033352,2260430,8025730,4289103,516795,952300,3059124,3172423,4581562,12225709,27232332,17267861,3938351,12319566,12699429,26322925,8352187,4084471,10309498,10874727,21453318,46529360,25085048,5608770,42817179,20255225,6466970,73416652,47711260,65175379,11513157,64620922,96304580
tube.97,melanogaster,D. melanogaster,mel14,F,530,31,97,0.825,60.2227336296429,67.9734259166667,74.94652,155.93,252.07,NA,16094,30059,86555,71766,10647497,40148,171197,NA,16789,57770,53325,42059,175361,70657,170825,113940,79509,53813,23737,133612,92419,318259,29984,175540,64606,110798,103349,129411,144732,43369,38434,144757,54361,128377,135716,205075,465992,170337,173901,301396,197154,316471,143844,315065,635336,251114,267829,220139,424037,233117,148039,407224,406088,664019,1709896,370619,12489135,623258,404651,1094591,659172,779019,930942,2925464,901095,1349236,765706,1919340,419512,NA,1452993,2239830,1046312,1325721,1767757,1946946,2652930,1171138,5112078,1518487,1674397,2438840,8568554,2794160,4698708,3092497,905512,1552178,6330500,4697386,3865510,12533899,20078908,14356763,11474198,18621791,17902436,16348924,12930870,20878075,14592190,24899528,23420596,46618583,34438254,54117546,43245536,38975515,26883079,68080912,55220825,201665772,41114718,103015723,167437334
